25 1 232 215 189 187 5 217 247 91 104 58 112 203 0 8 167 248 30 193 152 156 235 24 211 216 37 106 190 77 64 247
78 216 194 183 212 189 86 35 233 68 35 71 71 248 221 164 25 147 132 76 183 103 184 199 4 163 154 44 67 34 243 131
142 227 181 64 120 205 161 214 142 12 124 239 13 29 166 222 83 27 171 83 139 243 47 211 242 94 81 196 147 135 63 24
199 191 249 80 226 213 183 114 79 5 230 253 21 179 238 214 21 69 64 36 47 99 37 215 62 6 154 212 139 186 51 136
25 1 232 213 189 187 5 153 181 219 104 26 48 203 0 8 167 254 26 193 152 152 235 24 211 220 37 74 244 77 64 127
166 185 155 131 201 205 193 191 238 8 221 239 15 86 252 215 153 5 167 67 65 246 51 196 35 106 82 197 83 211 159 32
230 242 247 167 195 70 202 37 123 181 174 212 180 87 33 106 89 143 101 123 146 83 36 79 10 115 26 31 8 40 119 82
49 23 34 70 105 233 169 152 214 90 202 88 90 13 51 11 238 250 179 193 145 156 255 32 243 252 161 230 60 87 132 45
48 4 78 27 92 251 104 3 148 239 163 154 58 162 78 212 86 230 158 133 7 14 204 184 15 73 224 104 229 238 66 231
206 232 216 187 150 159 86 35 233 101 117 7 71 240 217 181 25 5 205 76 47 101 24 246 12 161 154 128 3 34 251 131
231 170 215 2 214 85 42 98 234 43 21 247 135 80 237 52 212 4 161 126 36 35 32 199 50 39 95 4 5 158 171 138
164 239 140 80 232 107 169 102 93 84 43 137 64 31 92 214 87 243 243 193 28 111 206 225 191 123 148 245 13 175 30 5
167 163 117 200 158 236 64 210 174 138 212 171 61 17 238 220 192 219 167 23 9 50 75 145 146 220 85 206 249 153 143 106
161 8 78 153 28 235 73 139 148 250 209 147 10 2 207 212 230 101 191 193 69 0 194 216 7 236 229 104 247 221 200 103
177 189 58 221 1 73 77 17 179 115 154 113 86 67 156 3 172 76 36 193 208 144 241 160 17 206 39 247 238 145 65 74
177 45 74 203 28 233 73 147 150 122 209 187 66 3 94 213 228 96 182 129 80 146 219 128 82 76 69 232 241 215 201 47
160 184 78 59 92 98 106 98 176 238 163 210 174 112 79 246 220 210 156 86 69 4 200 189 6 233 211 60 101 238 94 133
78 200 197 28 215 228 94 35 239 141 7 183 173 240 235 32 212 132 133 124 111 33 0 31 86 165 123 8 71 140 163 210
159 171 56 68 160 201 177 252 228 88 216 141 74 13 21 215 34 51 171 193 217 222 191 241 240 56 212 192 27 215 143 32
161 250 15 170 87 96 74 102 24 234 159 195 167 16 205 246 220 242 189 95 69 38 8 253 13 107 66 57 7 152 159 84
70 89 209 3 216 205 33 186 238 45 229 127 1 208 120 219 155 15 47 97 130 19 55 82 99 226 91 68 17 199 83 50
76 78 207 185 94 54 94 79 41 229 63 167 175 182 129 8 87 140 84 94 38 105 64 46 13 215 110 57 165 40 114 211
175 186 127 48 211 128 122 38 225 243 151 199 167 51 69 180 140 64 164 78 101 40 40 157 60 174 163 5 37 182 173 136
165 162 181 0 207 100 194 118 110 168 93 243 173 21 254 244 209 78 47 127 64 98 7 217 26 204 83 149 195 152 59 90
167 50 255 1 197 72 202 86 102 168 29 243 132 21 238 252 201 12 165 127 64 64 5 93 146 254 51 31 67 212 95 122
176 240 98 201 60 233 72 151 158 235 208 179 90 66 221 149 236 111 54 133 16 159 215 233 65 77 196 234 245 145 65 71
230 250 179 32 210 68 90 54 234 37 21 255 141 80 252 247 89 7 37 127 99 98 37 207 35 35 90 149 3 130 191 0
177 53 50 193 44 104 193 157 94 243 154 160 26 71 86 221 236 122 230 131 81 159 223 225 153 72 209 251 248 215 92 46
177 1 78 219 28 235 73 155 150 250 209 187 26 1 94 212 230 112 191 193 80 138 207 144 71 220 161 104 241 223 72 47
230 250 215 34 210 196 74 166 250 45 85 255 141 80 239 247 217 5 165 123 70 98 2 199 3 107 90 149 19 146 191 0
100 205 132 80 236 59 169 66 93 84 43 136 96 159 76 212 87 243 210 193 30 79 206 225 255 99 156 241 13 171 62 5
204 200 218 187 150 157 86 35 233 37 35 7 67 240 221 181 25 147 197 76 55 103 48 199 12 163 154 8 3 34 251 131
76 88 2 167 87 23 118 99 153 157 121 86 227 252 3 40 91 179 221 76 183 69 40 95 68 163 74 61 98 34 231 211
48 69 102 219 108 235 65 217 150 186 216 168 88 132 45 220 198 122 63 161 208 154 207 160 195 217 1 106 252 223 72 47
116 85 175 84 254 54 41 24 117 45 226 172 176 251 120 216 107 133 88 165 130 216 101 218 187 212 184 215 138 106 24 173
108 199 143 80 232 23 171 226 125 84 98 136 172 191 78 222 83 83 219 210 159 79 238 231 191 35 156 148 5 171 30 141
78 216 2 183 68 31 118 33 89 52 43 69 67 248 41 32 91 179 213 108 214 71 40 119 140 163 186 61 67 32 243 131
164 252 130 18 197 121 106 98 93 244 171 189 1 90 92 117 81 115 64 205 80 231 156 233 239 97 24 185 73 160 123 7
79 153 243 86 208 205 43 50 235 25 204 127 69 216 44 75 25 7 33 56 176 247 55 83 162 163 26 4 3 179 51 0
167 168 215 2 214 196 58 106 236 115 23 247 143 113 109 32 212 5 133 126 101 35 32 205 50 47 87 12 7 150 171 138
25 11 200 118 237 155 33 221 241 82 202 168 115 139 0 0 183 250 78 193 152 188 235 32 233 248 53 226 62 101 13 53
108 135 136 80 232 15 171 228 125 84 110 136 232 191 68 214 55 119 218 208 159 95 238 231 251 115 156 149 21 235 28 173
177 53 78 239 91 242 13 152 144 123 146 248 254 65 205 222 237 240 16 151 80 136 205 44 5 206 225 98 252 84 68 125
178 118 186 217 251 50 122 109 241 253 224 80 216 99 90 115 47 117 216 142 181 216 220 188 22 206 177 179 230 232 92 255
25 1 108 221 60 187 69 155 183 203 112 58 16 195 210 152 230 110 26 133 216 152 195 24 211 220 165 234 244 204 64 109
163 168 93 11 147 196 242 34 40 243 23 215 175 117 79 37 156 69 165 90 101 100 32 189 0 174 103 5 7 151 227 154
181 253 163 72 240 233 128 210 238 12 68 186 44 13 254 215 216 215 163 177 9 2 83 85 182 44 213 148 19 151 63 8
161 186 15 169 92 96 74 39 144 250 145 211 207 64 223 247 220 82 189 71 65 36 8 236 7 43 82 61 71 208 223 69
76 204 129 183 164 45 226 225 73 4 143 133 35 156 181 103 145 178 231 108 47 103 26 231 237 33 30 145 73 35 247 129
100 202 199 18 212 125 106 98 117 172 39 135 36 112 109 180 82 135 144 126 6 3 0 207 111 161 26 12 3 174 186 135
143 186 221 49 215 148 90 38 225 211 23 231 167 49 13 36 212 192 132 126 37 32 8 157 28 46 179 140 103 52 167 154
100 200 199 26 22 246 94 35 173 173 101 23 169 240 235 104 217 135 149 124 47 33 0 95 22 161 14 136 3 168 162 209
143 187 243 100 211 129 59 38 225 88 93 79 7 49 5 39 173 64 164 90 245 56 50 149 242 190 115 132 37 55 189 152
91 134 100 104 254 39 237 221 10 178 140 104 184 165 34 220 83 123 95 148 45 207 205 235 139 81 72 90 248 90 46 143
31 143 152 213 168 155 161 165 117 84 106 8 72 167 20 71 55 230 219 192 158 251 242 161 123 121 181 199 61 111 16 175
231 250 211 161 193 68 234 34 105 37 37 119 133 86 108 127 25 13 165 123 146 115 48 71 2 99 27 29 5 163 241 18
151 186 179 1 144 73 219 183 230 120 93 71 15 13 31 245 173 69 175 72 65 162 50 213 114 62 87 132 85 151 249 10
96 192 198 144 248 254 40 171 223 175 97 151 208 80 121 219 89 15 19 241 138 23 198 91 3 65 10 172 16 170 114 69
168 191 16 54 225 121 160 116 93 68 171 169 67 14 20 69 209 242 98 71 64 110 159 169 237 121 48 241 79 52 63 0
160 250 15 58 95 98 106 102 24 238 183 195 175 68 79 246 221 242 157 94 69 38 72 253 14 105 211 61 69 236 30 5
229 120 215 1 223 198 242 175 108 165 7 151 175 112 250 33 216 133 135 110 39 97 4 95 14 33 90 13 87 24 247 146
229 232 215 0 215 196 122 42 236 167 7 151 141 112 248 32 208 7 5 108 39 35 48 206 110 33 91 12 6 148 251 130
177 53 34 195 44 105 193 153 86 186 152 144 90 71 126 221 206 122 114 161 209 159 221 224 216 89 129 251 248 215 88 47
177 189 90 201 24 232 73 147 134 107 208 179 67 66 221 151 172 101 38 131 64 178 211 129 5 76 69 232 245 209 193 104
24 65 79 124 95 178 109 8 178 175 34 184 188 247 2 136 78 222 81 183 3 8 193 26 29 218 230 106 170 108 66 223
140 239 8 118 225 185 33 244 79 64 203 173 99 142 52 67 147 168 107 69 72 255 159 32 237 120 52 227 59 53 55 48
31 7 184 253 169 9 197 221 112 84 42 0 40 173 16 1 39 242 250 194 154 216 251 162 217 252 181 87 61 73 92 174
160 248 78 139 92 106 196 226 176 234 209 131 78 12 207 212 220 242 189 214 69 3 200 213 132 233 194 40 117 207 202 103
230 184 251 129 243 196 18 51 239 13 229 119 133 115 254 247 25 7 173 106 191 247 62 214 18 38 90 132 65 131 61 152
228 124 128 147 215 116 114 45 125 133 35 149 1 88 121 33 89 183 68 78 38 101 20 238 238 161 152 185 74 160 127 231
244 255 152 64 224 201 169 214 214 12 232 47 72 14 52 215 43 113 171 225 155 210 63 210 226 52 80 241 147 199 29 44
157 37 249 100 206 233 193 152 98 99 220 168 60 71 166 148 228 204 42 161 72 152 231 152 249 222 117 207 186 214 1 40
96 64 72 131 48 254 10 171 180 61 241 22 66 80 233 187 81 47 151 123 154 16 50 86 35 161 77 172 87 207 195 113
27 7 101 124 107 18 133 84 11 147 158 120 252 255 34 10 82 186 82 19 184 223 207 41 152 218 40 95 168 56 36 217
161 186 15 42 12 105 194 230 24 234 221 203 15 30 207 244 220 115 175 83 65 103 11 213 133 233 70 57 85 211 207 36
161 42 15 42 76 106 198 102 16 250 213 195 239 28 79 244 220 242 191 94 69 39 74 245 140 105 198 57 69 219 206 101
181 125 176 64 184 201 169 222 238 12 104 191 8 15 254 215 161 121 43 161 8 211 31 194 178 92 81 196 209 195 29 40
181 161 176 64 188 233 169 218 238 12 108 191 8 11 126 213 65 59 43 225 8 215 191 195 243 84 81 196 209 199 31 40
27 23 117 254 107 2 149 92 11 209 158 248 190 255 2 10 1 234 114 51 248 255 111 40 217 90 40 87 168 25 164 216
51 23 112 198 104 203 169 149 246 90 200 24 88 135 38 27 230 110 58 243 153 154 239 33 242 222 225 238 188 95 4 45
24 7 100 197 109 171 129 157 182 190 170 8 120 141 50 73 99 250 114 163 216 152 223 40 217 220 33 107 248 73 64 127
160 104 78 139 28 235 204 139 180 234 209 131 10 6 223 212 222 118 191 193 69 0 192 208 7 233 193 104 87 223 202 103
160 190 18 18 197 121 160 116 95 84 171 169 3 78 20 69 89 243 96 77 80 102 157 169 233 121 48 177 75 32 63 7
76 196 132 54 36 55 180 72 27 140 43 4 112 190 161 8 83 186 88 164 242 31 172 106 237 49 24 122 40 104 106 135
227 50 189 42 219 70 222 126 58 241 85 255 159 117 78 247 69 77 189 26 109 96 5 221 2 206 75 149 131 154 48 190
228 225 229 200 152 237 193 210 46 14 86 187 45 8 238 215 148 209 162 51 13 50 91 209 146 236 87 194 145 219 31 104
73 0 76 158 60 190 84 137 149 219 147 16 122 226 75 8 86 168 87 212 126 5 200 56 77 201 172 106 242 120 194 245
25 5 100 237 44 43 193 217 16 250 154 128 56 141 2 8 102 250 114 145 145 157 207 40 217 217 225 106 252 93 64 111
24 69 96 207 44 171 205 153 150 138 26 32 120 141 177 8 102 250 126 129 152 156 219 40 221 189 164 106 124 65 76 111
159 13 184 247 163 57 29 153 79 1 154 173 83 202 177 3 172 228 68 165 104 188 241 40 105 60 53 243 124 84 81 104
74 202 72 135 48 189 7 131 149 28 120 70 66 154 37 239 35 49 173 231 219 211 41 39 196 50 44 104 81 67 192 103
88 198 36 157 12 59 220 21 161 166 59 0 48 174 177 8 82 142 116 229 66 139 193 43 93 212 173 107 232 120 226 203
91 23 35 247 51 20 30 89 99 179 138 116 212 250 161 11 168 152 64 189 226 152 101 42 249 150 175 31 106 84 197 248
231 190 149 58 198 85 222 39 77 133 143 199 7 52 221 53 16 3 205 76 110 103 24 239 14 33 26 149 69 184 191 128
9 10 79 191 22 50 86 97 17 242 51 192 247 178 3 40 95 242 220 94 117 108 192 60 12 59 170 56 100 56 98 215
27 21 120 68 40 139 177 136 164 90 200 24 27 175 19 11 166 32 235 160 253 152 250 36 113 190 229 198 55 95 128 169
10 183 149 39 201 6 161 229 90 220 104 254 253 221 0 73 25 154 111 187 176 126 173 121 233 91 72 23 42 35 115 86
15 76 161 253 131 48 86 45 105 195 159 212 181 251 161 35 157 198 68 62 238 47 16 46 92 161 167 27 108 48 99 216
31 1 250 213 172 137 69 153 240 125 104 0 8 165 16 65 47 86 231 193 144 152 243 2 83 254 181 78 125 65 80 111
24 69 100 213 44 171 105 153 180 238 42 8 56 129 4 220 102 250 179 177 146 154 207 35 211 217 164 106 249 77 64 111
151 186 251 96 131 193 26 118 227 80 92 195 135 7 23 103 173 80 168 72 117 232 115 149 56 46 247 133 37 183 189 8
168 106 78 187 94 50 70 111 25 239 187 130 239 178 207 188 94 248 220 92 38 43 200 188 12 73 230 120 229 104 74 215
228 226 247 8 210 198 242 234 252 236 229 135 137 53 95 246 85 87 155 58 47 99 6 215 22 39 218 132 149 203 62 174
94 155 74 195 48 157 7 131 148 28 121 71 66 184 165 190 107 49 223 16 223 195 121 118 228 54 205 224 21 67 93 165
132 252 149 48 214 52 54 102 201 68 175 47 37 61 30 116 93 199 196 12 45 107 16 221 62 109 146 149 41 162 51 137
143 187 241 36 209 205 3 182 226 8 213 239 135 17 36 102 160 9 171 105 136 112 39 19 243 182 115 132 55 151 165 24
51 23 118 102 105 74 161 152 178 26 136 120 184 135 34 10 106 58 115 211 144 158 239 33 178 218 97 254 250 93 132 125
72 200 68 14 52 47 168 65 157 28 171 21 10 189 235 72 83 51 247 225 147 7 174 99 226 113 72 232 5 173 250 7
160 236 0 18 197 121 224 100 95 196 171 169 67 72 21 69 81 251 64 205 64 103 157 233 237 73 16 185 201 32 127 7
48 4 78 27 92 251 104 3 148 239 163 154 58 162 78 212 86 230 158 133 7 14 204 184 15 73 224 104 229 238 66 231
230 162 247 183 195 70 202 37 123 181 46 244 180 87 32 106 89 143 69 123 150 119 36 111 10 115 26 31 8 40 119 86
160 248 79 27 86 226 94 175 148 227 151 147 143 96 95 245 220 97 149 30 37 96 24 236 7 41 198 160 87 216 223 167
160 250 14 171 68 105 193 226 186 106 221 227 15 30 157 213 220 115 175 83 64 38 11 213 133 235 86 120 87 211 207 38
78 216 194 183 212 189 86 34 233 92 35 71 71 248 13 100 25 147 132 76 183 71 184 199 4 163 154 44 67 34 243 129
178 54 58 219 219 82 123 111 245 253 224 210 210 99 91 115 47 113 152 154 245 252 220 188 6 206 177 243 230 225 92 255
24 65 79 124 95 178 109 8 178 175 34 184 188 247 2 136 78 222 81 183 3 8 193 26 29 218 230 106 170 108 66 223
159 139 184 68 160 201 177 252 228 88 216 15 75 13 20 71 34 51 171 193 217 254 191 208 240 56 216 193 27 87 143 40
167 163 229 200 156 236 65 210 174 138 214 187 45 0 238 213 213 217 162 55 77 50 91 145 146 220 87 202 145 153 47 122
160 186 79 59 76 98 106 102 144 238 179 211 174 80 79 246 220 210 157 87 69 36 200 253 6 235 211 61 103 236 94 5
164 239 140 82 236 121 168 102 93 84 43 137 68 15 92 212 87 243 242 197 4 111 206 225 175 121 144 241 13 162 63 5
73 0 76 158 60 190 84 137 149 219 147 16 122 226 75 8 86 168 87 212 126 5 200 56 77 201 172 106 242 120 194 245
157 37 249 100 206 233 193 152 98 99 220 168 60 71 166 148 228 204 42 161 72 152 231 152 249 222 117 207 186 214 1 40
228 98 215 8 218 198 242 238 252 172 229 147 140 53 111 246 85 23 155 58 175 99 70 215 22 7 218 132 149 203 62 174
116 85 175 84 254 54 41 24 117 45 226 172 176 251 120 216 107 133 88 165 130 216 101 218 187 212 184 215 138 106 24 173
25 1 108 221 60 187 69 155 181 203 120 26 16 193 128 136 230 126 26 197 216 152 227 24 211 220 165 106 244 200 64 125
161 8 78 153 28 235 73 139 148 250 209 147 10 2 207 212 230 101 191 193 69 0 194 216 7 236 229 104 247 221 200 103
49 23 118 102 105 66 169 156 178 58 202 248 184 71 2 154 106 126 51 211 144 156 231 9 179 218 97 247 250 93 132 125
166 59 255 8 219 70 127 62 124 241 117 223 159 113 90 179 25 15 1 26 119 228 21 220 22 202 218 149 130 162 178 148
230 184 251 129 242 196 19 51 237 13 229 119 133 115 254 247 25 7 173 106 191 119 62 215 50 38 90 132 67 131 61 136
165 226 189 0 207 100 194 119 110 165 85 183 173 84 254 244 209 206 47 127 77 98 7 217 30 204 83 129 131 152 59 90
177 41 74 139 28 233 73 147 150 122 209 187 66 2 94 213 228 97 182 193 80 130 219 128 66 76 101 232 241 215 201 47
25 5 100 237 44 43 193 217 16 250 154 128 56 141 2 8 102 250 114 145 145 157 207 40 217 217 225 106 252 93 64 111
24 69 100 213 44 171 105 153 180 238 42 8 56 129 4 220 102 250 179 177 146 154 207 35 211 217 164 106 249 77 64 111
135 170 145 1 132 73 219 167 230 120 93 103 15 13 21 245 173 69 175 72 65 34 50 197 114 62 87 140 85 151 249 10
177 1 78 219 28 235 73 155 150 250 209 187 26 1 94 212 230 112 191 193 80 138 207 144 71 220 161 104 241 223 72 47
181 177 176 64 184 201 41 218 238 24 96 191 16 75 124 223 1 123 35 163 136 215 63 195 243 68 81 198 88 211 29 40
160 248 10 137 12 105 197 227 176 106 217 195 79 12 223 213 220 114 191 65 65 38 155 213 133 235 82 104 87 211 207 39
49 23 112 196 232 203 169 157 246 58 200 184 88 7 6 159 230 110 58 243 152 152 247 33 115 220 101 230 188 95 0 47
230 250 183 32 211 196 74 54 106 5 21 255 141 80 236 246 89 7 165 127 39 99 4 199 35 35 90 149 1 130 55 0
76 110 207 185 79 54 222 111 41 229 63 231 191 246 129 32 85 205 93 94 38 105 0 46 13 133 110 25 229 40 115 211
48 5 102 219 44 235 65 153 150 186 216 168 88 0 28 212 230 122 59 161 80 154 207 160 193 217 1 106 252 223 72 47
167 50 255 1 197 72 202 22 230 184 29 210 132 21 230 252 201 12 165 127 64 128 37 29 146 254 51 31 67 212 93 122
160 250 15 58 95 98 106 102 24 238 183 195 175 68 79 246 221 242 157 94 69 38 72 253 14 105 211 61 69 236 30 5
49 23 32 70 105 233 169 156 214 26 202 216 88 5 50 11 230 254 51 131 153 156 255 32 243 252 225 230 60 215 132 45
25 7 100 205 45 171 137 157 182 187 170 56 120 133 50 73 239 250 114 147 216 152 223 40 217 220 225 107 248 77 64 127
24 0 78 61 28 163 108 24 178 175 35 24 184 165 2 200 110 222 89 181 3 136 193 42 93 216 164 106 234 110 66 127
161 186 15 42 12 105 194 230 24 234 221 203 15 30 207 244 220 115 175 83 65 103 11 213 133 233 70 57 85 211 207 36
177 189 90 201 24 232 73 147 134 107 208 179 67 66 221 151 172 101 38 131 64 178 211 129 5 76 69 232 245 209 193 104
24 69 96 207 44 171 205 153 150 138 26 32 120 141 177 8 102 250 126 129 152 156 219 40 221 189 164 106 124 65 76 111
166 185 155 131 200 205 193 179 238 72 213 239 15 22 222 215 153 101 167 67 73 102 51 196 35 106 82 197 83 211 159 32
229 168 215 2 215 196 58 42 236 163 7 215 175 112 249 32 208 5 133 108 39 35 32 207 118 39 91 12 7 150 251 130
227 168 221 3 147 196 242 34 40 243 23 215 175 117 95 37 220 5 165 90 101 96 32 157 22 174 111 13 7 150 227 154
229 120 215 3 215 198 242 171 108 165 7 151 173 112 250 33 216 135 133 108 39 99 20 94 14 33 90 13 83 0 247 146
181 253 163 72 240 233 128 210 238 12 68 186 44 13 254 215 216 215 163 177 9 2 83 85 182 44 213 148 19 151 63 8
160 190 18 22 229 121 160 84 95 84 171 169 67 14 20 69 209 243 98 77 64 110 159 169 233 121 48 241 79 32 63 5
206 232 216 155 150 151 86 35 233 229 117 7 67 240 217 181 17 5 205 76 47 97 16 254 12 161 154 128 3 162 251 130
161 250 15 170 87 96 74 102 24 234 159 195 167 16 205 246 220 242 189 95 69 38 8 253 13 107 66 57 7 152 159 84
27 1 232 221 61 187 69 153 165 223 104 16 48 137 128 8 167 250 62 193 152 152 251 24 211 220 165 74 252 77 64 127
177 189 58 221 1 73 77 17 179 115 154 113 86 67 156 3 172 76 36 193 208 144 241 160 17 206 39 247 238 145 65 74
31 13 184 103 200 137 161 144 226 90 200 105 65 143 22 198 171 112 171 193 144 190 255 97 242 254 81 196 59 87 89 42
142 227 181 64 120 205 161 214 142 12 124 239 13 29 166 222 83 27 171 83 139 243 47 211 242 94 81 196 147 135 63 24
230 250 147 33 192 77 194 166 106 36 237 231 13 22 255 247 25 5 175 106 7 99 22 199 6 39 90 149 87 131 63 0
180 246 170 112 211 115 114 68 112 100 104 192 52 27 4 247 109 213 152 159 52 200 213 180 190 189 176 55 108 162 28 15
27 23 125 254 107 2 149 220 11 209 134 248 191 239 162 10 39 218 66 50 252 253 107 40 217 94 173 87 168 25 164 216
100 72 72 131 52 254 106 171 164 13 241 150 67 80 233 187 81 45 149 127 154 16 50 22 34 161 77 168 23 205 195 113
160 32 79 24 95 242 126 74 180 239 53 146 190 115 75 188 84 221 148 30 53 36 192 156 6 203 226 42 164 238 66 215
76 216 194 183 212 157 118 34 233 28 35 71 67 248 13 100 89 147 197 76 182 71 56 71 134 163 154 44 67 34 239 131
76 194 231 37 199 38 198 97 75 165 167 244 188 213 35 72 81 143 69 63 38 79 4 107 31 81 154 31 136 40 114 210
180 246 190 112 195 27 226 84 115 100 106 128 48 23 20 247 103 213 216 158 22 232 85 135 62 244 176 23 174 43 56 31
204 236 129 182 161 61 178 101 73 4 175 5 35 156 181 103 25 150 237 76 14 103 58 103 237 33 30 145 9 33 183 0
164 252 130 18 197 121 106 98 93 244 171 189 1 90 92 117 81 115 64 205 80 231 156 233 239 97 24 185 73 160 123 7
70 89 209 3 216 205 33 186 238 45 229 127 1 208 120 219 155 15 47 97 130 19 55 82 99 226 91 68 17 199 83 50
108 135 136 80 232 15 171 228 125 84 110 136 232 191 68 214 55 119 218 208 159 95 238 231 251 115 156 149 21 235 28 173
177 53 50 193 44 104 193 157 94 243 154 160 26 71 86 221 236 122 230 131 81 159 223 225 153 72 209 251 248 215 92 46
228 120 157 131 215 246 214 47 100 165 39 149 191 114 248 33 156 132 197 44 39 32 16 174 14 36 251 29 86 68 215 242
168 106 78 187 94 50 70 111 25 239 187 130 239 178 207 188 94 248 220 92 38 43 200 188 12 73 230 120 229 104 74 215
27 7 101 124 107 18 133 84 11 147 158 120 252 255 34 10 82 186 82 19 184 223 207 41 152 218 40 95 168 56 36 217
182 251 163 100 232 104 163 246 238 12 124 107 204 28 182 223 169 83 171 115 137 210 127 85 178 109 86 149 21 135 61 8
91 134 100 104 254 39 237 221 10 178 140 104 184 165 34 220 83 123 95 148 45 207 205 235 139 81 72 90 248 90 46 143
163 186 127 42 83 192 90 54 163 242 151 195 215 51 95 182 204 64 140 78 117 40 104 157 28 46 227 133 39 150 173 138
114 87 50 247 169 10 163 244 89 20 42 92 226 222 33 11 25 186 115 243 218 255 46 43 169 115 44 183 121 33 167 84
165 175 177 16 193 200 170 180 110 0 135 221 4 21 252 247 80 7 163 127 8 86 23 229 251 120 24 149 27 147 191 40
74 155 90 135 48 221 7 131 148 28 120 70 66 154 165 190 43 49 157 219 219 210 122 103 228 54 205 232 21 67 220 101
176 192 68 147 60 235 72 129 158 234 185 144 26 2 223 156 70 235 182 197 0 143 213 233 69 121 132 106 88 168 106 71
199 191 249 80 226 213 183 114 79 5 230 253 21 179 238 214 21 69 64 36 47 99 37 215 62 6 154 212 139 186 51 136
182 57 186 66 160 201 41 190 206 24 208 127 73 19 126 247 40 71 163 195 209 246 63 213 35 106 87 196 17 215 29 32
176 240 98 201 60 233 72 145 158 235 145 177 18 66 221 149 108 107 182 199 80 159 223 233 65 121 196 234 124 161 225 71
95 153 243 215 208 213 43 18 235 29 196 126 69 88 104 75 153 7 33 56 144 247 39 83 162 163 26 6 3 179 51 136
94 207 176 68 232 13 177 223 110 28 236 45 1 159 52 197 35 21 107 225 154 223 55 66 243 214 24 193 155 67 25 42
167 170 121 96 211 192 58 54 227 114 159 195 231 33 23 119 164 64 164 94 117 104 56 149 56 174 243 133 39 150 173 154
100 200 199 26 22 246 94 35 173 173 101 23 169 240 235 104 217 135 149 124 47 33 0 95 22 161 14 136 3 168 162 209
177 189 95 155 76 104 73 23 50 227 151 243 135 64 221 151 236 64 37 83 64 160 81 172 21 206 35 189 197 208 213 76
231 174 149 57 194 84 222 38 77 133 29 199 135 116 93 183 80 3 205 76 110 103 24 255 14 33 154 149 69 176 191 128
177 53 34 195 44 105 193 153 86 186 152 144 90 71 126 221 206 122 114 161 209 159 221 224 216 89 129 251 248 215 88 47
76 196 132 54 36 55 180 72 27 140 43 4 112 190 161 8 83 186 88 164 242 31 172 106 237 49 24 122 40 104 106 135
72 200 68 14 52 47 168 65 157 28 171 21 10 189 235 72 83 51 247 225 147 7 174 99 226 113 72 232 5 173 250 7
159 13 184 247 163 57 29 153 79 1 154 173 83 202 177 3 172 228 68 165 104 188 241 40 105 60 53 243 124 84 81 104
244 252 130 147 211 244 98 40 95 165 35 181 17 90 121 97 25 183 68 77 42 103 20 238 174 33 216 185 72 160 127 3
91 150 181 62 207 20 126 84 43 162 22 108 181 249 168 0 224 216 64 62 32 232 73 43 185 214 43 31 234 60 44 218
177 55 112 68 233 201 169 156 214 58 200 152 88 5 22 11 230 126 51 147 153 156 247 32 243 220 229 230 188 215 132 45
230 184 251 129 243 196 18 51 239 13 229 119 133 115 254 247 25 7 173 106 191 247 62 214 18 38 90 132 65 131 61 152
183 183 51 245 131 80 71 21 99 179 28 245 149 89 176 43 172 76 36 47 240 184 113 44 49 206 35 23 234 20 229 88
183 191 187 191 195 64 71 52 99 163 31 245 183 82 160 35 172 204 36 111 96 240 33 44 25 206 35 23 232 148 161 88
25 1 108 221 60 187 69 155 181 203 120 26 16 193 128 136 230 126 26 197 216 152 227 24 211 220 165 106 244 200 64 125
244 255 152 66 232 73 161 214 212 12 232 47 72 14 54 215 34 113 171 193 155 210 63 210 226 52 80 241 19 199 29 45
78 216 194 183 212 189 86 34 233 92 35 71 71 248 13 100 25 147 132 76 183 71 184 199 4 163 154 44 67 34 243 129
161 186 79 187 84 98 74 102 144 238 183 211 175 80 79 246 220 210 157 95 69 36 200 253 22 107 211 61 71 252 94 5
163 50 127 42 75 70 202 126 54 181 213 243 191 85 79 246 85 77 189 27 45 96 6 221 26 206 75 149 135 154 20 124
25 5 100 237 44 43 197 217 18 250 154 128 56 141 2 8 230 250 118 145 144 156 207 40 217 221 225 106 252 93 192 111
153 53 123 100 204 201 193 152 98 99 220 232 60 71 166 156 228 76 106 161 72 152 231 152 249 222 113 207 186 215 1 40
166 185 155 131 200 201 193 187 238 120 221 239 15 22 222 215 153 69 167 67 65 118 51 196 35 106 82 197 83 211 159 32
48 5 102 219 44 235 65 153 150 186 216 168 88 0 28 212 230 122 59 161 80 154 207 160 193 217 1 106 252 223 72 47
31 13 184 103 204 137 161 144 226 26 200 109 69 143 54 204 171 112 107 193 144 158 191 97 243 254 81 196 59 87 89 42
177 189 31 187 73 96 73 23 50 227 151 243 135 80 220 151 236 64 37 87 64 160 81 172 21 110 35 189 199 208 213 76
166 254 27 187 75 68 79 39 41 99 151 247 199 82 221 55 156 192 37 94 68 96 17 172 13 110 115 177 71 144 151 80
181 177 176 64 184 201 169 218 238 12 108 191 24 75 254 215 33 123 43 161 136 215 63 195 242 108 81 198 217 211 29 40
166 59 255 8 219 70 127 62 124 241 117 223 159 113 90 179 25 15 1 26 119 228 21 220 22 202 218 149 130 162 178 148
227 168 221 3 147 196 242 34 40 243 23 215 175 117 95 37 220 5 165 90 101 96 32 157 22 174 111 13 7 150 227 154
24 0 110 61 12 171 108 153 178 175 33 8 184 165 2 216 110 254 187 181 3 136 197 43 213 217 164 106 250 111 64 111
229 40 215 3 215 196 114 42 108 163 7 151 175 112 251 33 208 5 133 108 39 33 32 207 62 39 91 12 23 156 251 146
159 11 184 68 161 137 177 252 100 88 216 79 75 13 20 7 34 51 235 192 249 254 191 208 240 56 248 197 27 87 141 32
76 110 207 185 79 54 222 111 41 229 63 231 191 246 129 32 85 205 93 94 38 105 0 46 13 133 110 25 229 40 115 211
230 250 183 32 211 196 74 54 106 5 21 255 141 80 236 246 89 7 165 127 39 99 4 199 35 35 90 149 1 130 55 0
161 250 31 170 87 96 74 102 16 234 151 195 175 80 207 246 220 242 189 95 69 38 8 253 14 107 82 57 71 216 223 68
73 0 76 158 62 183 84 137 181 211 147 16 122 226 73 8 86 168 87 212 126 5 200 56 77 201 172 106 242 120 194 247
167 163 229 136 157 236 64 214 174 138 215 191 45 0 238 213 149 217 163 63 109 98 75 145 146 220 103 202 241 153 47 122
167 50 255 1 197 72 202 22 230 184 29 210 132 21 230 252 201 12 165 127 64 128 37 29 146 254 51 31 67 212 93 122
24 65 79 124 95 178 109 8 178 175 34 184 188 247 2 136 78 222 81 183 3 8 193 26 29 218 230 106 170 108 66 223
167 184 187 8 219 68 55 62 110 113 213 223 159 113 88 183 25 7 5 12 101 100 17 220 55 138 218 149 130 146 179 144
160 248 79 27 90 226 94 175 20 227 151 147 143 96 221 245 220 97 151 94 37 96 24 236 7 109 199 169 87 216 223 164
24 69 100 213 44 171 105 153 180 238 42 8 56 129 4 220 102 250 179 177 146 154 207 35 211 217 164 106 249 77 64 111
135 170 145 1 144 201 155 167 230 120 93 103 15 13 29 245 173 69 175 72 65 34 50 197 114 62 87 132 85 151 249 10
228 122 223 8 216 206 122 234 220 236 229 131 140 53 95 244 85 87 187 26 39 98 70 215 22 99 218 132 149 203 30 174
24 69 100 196 109 171 233 157 182 175 170 40 120 133 50 73 103 250 114 161 208 152 223 40 217 220 97 107 252 73 80 127
32 32 79 24 95 242 126 74 176 255 53 146 190 115 75 184 84 221 20 30 53 36 192 28 22 203 226 46 166 234 66 223
178 118 42 217 219 114 122 77 245 253 224 80 216 99 90 115 47 117 216 158 245 216 220 188 6 206 177 243 230 233 92 247
230 250 147 32 192 77 194 38 108 44 229 199 13 22 255 247 89 5 173 106 7 98 22 215 6 39 90 149 71 131 63 0
181 253 163 72 240 233 128 210 238 12 68 186 44 13 254 215 216 215 163 177 9 2 83 85 182 44 213 148 19 151 63 8
179 181 50 213 1 88 13 149 231 51 154 112 82 67 48 11 168 78 100 161 208 152 245 32 113 140 165 247 234 53 65 88
160 248 14 139 76 104 196 227 176 234 209 131 78 12 223 212 220 114 191 195 69 2 200 213 133 235 194 40 85 223 202 39
94 207 176 68 232 13 177 223 110 28 236 45 1 159 52 197 35 21 107 225 154 223 55 66 243 214 24 193 155 67 25 42
204 236 129 182 161 61 178 101 73 4 175 5 35 156 181 103 25 150 237 76 14 103 58 103 237 33 30 145 9 33 183 0
177 189 74 137 28 233 73 147 150 122 209 187 66 2 94 213 236 97 182 129 80 130 219 128 66 204 101 232 241 215 201 47
161 186 15 42 77 106 194 102 24 250 221 195 239 28 207 244 212 242 191 91 69 39 10 213 140 105 198 57 69 219 142 101
180 246 170 112 211 115 114 68 112 100 104 192 52 27 4 247 109 213 152 159 52 200 213 180 190 189 176 55 108 162 28 15
180 246 190 112 195 91 98 68 115 100 106 192 48 31 20 247 101 213 216 159 22 232 213 167 62 252 176 23 46 170 56 31
56 4 78 26 92 187 108 10 148 255 163 154 58 163 78 220 86 254 154 150 7 15 196 185 79 89 224 106 225 238 66 135
224 234 207 190 71 54 94 97 25 165 55 148 175 242 201 40 81 141 85 94 46 103 0 47 13 97 78 25 71 40 230 215
229 104 223 18 214 117 122 106 229 167 7 151 39 114 233 48 212 4 4 108 38 32 0 206 47 166 91 12 7 220 219 162
160 190 18 22 229 121 160 84 95 84 171 169 67 14 20 69 209 243 98 77 64 110 159 169 233 121 48 241 79 32 63 5
142 227 181 64 120 205 161 214 142 12 124 239 13 29 166 222 83 27 171 83 139 243 47 211 242 94 81 196 147 135 63 24
228 104 215 1 215 198 242 43 108 165 39 149 141 112 250 33 88 135 197 44 39 99 20 222 14 33 90 13 82 0 247 146
116 85 175 84 254 54 41 24 117 45 226 172 176 251 120 216 107 133 88 165 130 216 101 218 187 212 184 215 138 106 24 173
24 69 96 207 44 171 141 153 150 74 26 40 112 141 177 8 102 250 122 129 152 156 251 40 249 189 164 106 124 65 77 111
100 207 143 80 232 95 169 226 93 84 106 152 104 191 76 214 83 115 218 210 159 79 206 231 191 115 156 149 5 171 30 13
76 82 231 39 199 6 206 33 75 165 175 212 180 215 33 104 89 143 101 127 34 79 36 107 26 83 26 31 10 40 115 82
230 178 215 183 195 68 202 36 107 181 46 245 164 87 33 98 89 143 117 123 146 115 36 79 10 115 26 31 8 40 119 18
177 189 90 201 24 232 73 147 134 107 208 179 67 66 221 151 172 101 38 131 64 178 211 129 5 76 69 232 245 209 193 104
72 138 76 23 51 190 58 231 5 252 111 150 35 172 3 105 19 177 221 94 239 77 140 111 78 49 140 40 23 44 106 215
17 5 110 255 92 59 69 17 145 250 130 0 122 139 14 204 110 218 148 147 146 159 204 50 146 203 161 106 237 105 64 79
120 64 14 190 94 50 124 72 155 140 162 56 248 232 234 216 95 250 80 149 39 155 204 216 158 89 192 106 234 76 94 231
176 192 68 147 60 235 72 129 158 234 185 144 26 2 223 156 70 235 182 197 0 143 213 233 69 121 132 106 88 168 106 71
24 150 103 55 246 50 62 12 243 191 32 112 176 233 33 136 74 191 88 165 146 221 236 107 226 219 146 63 232 96 96 199
90 151 2 247 105 22 129 192 27 20 58 76 224 223 33 10 25 186 99 81 154 223 47 35 169 83 44 55 40 33 166 85
165 175 177 16 193 200 170 180 110 0 135 221 4 21 252 247 80 7 163 127 8 86 23 229 251 120 24 149 27 147 191 40
27 134 32 116 51 50 58 100 17 211 130 16 242 233 81 43 166 242 208 156 252 156 252 45 252 63 161 179 44 62 172 159
161 57 114 70 161 201 131 161 212 56 72 132 2 23 55 255 24 55 171 225 209 86 186 150 242 50 93 164 23 215 207 36
96 64 207 8 92 239 104 138 180 238 225 139 12 179 78 212 93 71 187 208 7 7 198 211 22 101 218 108 149 203 90 47
206 234 145 184 195 21 158 102 105 133 47 71 167 188 177 35 17 135 77 92 46 111 16 207 108 51 90 149 67 160 179 208
228 248 159 137 19 100 78 35 170 173 117 247 207 82 255 247 221 69 165 126 103 98 16 213 4 103 94 49 67 128 115 66
78 216 194 183 212 157 118 35 233 92 35 71 67 248 29 36 25 147 197 76 183 103 56 199 132 163 154 44 67 34 251 131
49 21 110 199 41 43 169 153 146 122 216 56 122 143 2 138 106 249 122 147 209 158 239 32 241 222 225 122 188 91 192 127
91 134 101 50 254 39 252 221 11 146 140 40 189 165 34 220 195 187 223 148 45 239 205 235 143 81 200 94 248 90 14 139
74 155 72 135 48 189 7 131 148 28 120 70 66 152 165 191 43 49 173 255 219 210 40 39 196 50 237 104 17 67 192 103
230 250 243 34 210 68 74 38 234 45 21 255 141 80 252 247 217 7 165 123 67 98 4 199 35 103 90 149 3 146 191 0
183 191 59 187 67 64 79 21 34 115 159 245 151 82 156 39 172 76 36 79 64 176 49 172 25 206 35 23 236 144 197 88
143 11 184 68 161 137 177 252 100 88 72 111 75 45 20 7 34 49 235 192 249 254 191 144 242 48 121 197 27 87 157 40
183 181 51 245 3 80 69 21 99 51 156 117 148 67 176 43 172 76 36 175 208 184 113 44 17 206 35 23 238 20 193 88
73 0 76 158 63 183 84 137 181 211 147 144 251 226 73 8 214 168 87 84 110 45 200 56 77 201 44 106 250 104 194 247
230 250 159 33 208 204 194 38 236 44 229 199 13 22 255 247 89 69 173 122 7 98 22 215 6 39 90 149 71 131 127 8
76 110 207 189 79 54 94 111 41 229 63 198 191 246 129 32 85 141 93 94 46 105 0 46 13 133 110 25 229 40 115 211
161 186 15 184 87 98 74 102 16 234 151 211 175 80 79 246 220 242 157 95 69 38 8 253 14 107 210 57 71 220 222 69
105 138 76 159 50 182 186 231 21 247 163 146 170 176 195 251 19 177 223 94 191 5 204 111 77 49 140 40 23 41 234 215
49 23 34 70 97 233 169 152 214 90 202 88 90 7 50 11 230 250 179 161 153 156 255 33 243 252 161 230 60 87 132 45
177 53 123 228 76 201 193 156 98 123 220 232 28 7 166 156 236 76 106 161 192 152 231 176 249 222 113 223 186 215 5 42
159 143 184 69 224 137 161 214 102 16 216 47 65 143 52 197 163 112 107 225 216 254 191 97 243 254 81 193 59 215 25 42
24 69 100 213 44 171 105 153 180 238 42 8 56 129 4 220 102 250 179 177 146 154 207 35 211 217 164 106 249 77 64 111
244 231 191 116 243 30 98 84 115 36 170 136 176 19 124 247 107 213 216 191 130 216 85 150 186 212 184 215 170 42 24 15
228 106 207 186 87 54 94 97 25 229 55 149 167 242 201 32 81 135 213 94 46 103 0 47 13 33 78 27 71 40 246 215
180 246 174 116 242 114 98 84 115 108 106 200 144 91 124 247 111 215 216 143 178 200 213 150 191 180 176 151 238 98 28 45
16 197 104 215 44 249 9 145 151 59 146 16 80 65 20 25 46 96 118 193 216 156 255 160 65 248 53 234 124 101 80 111
25 1 108 221 60 187 69 155 181 219 96 26 16 195 128 136 230 126 26 197 152 152 235 24 211 220 165 106 244 204 64 125
24 69 96 205 44 171 141 153 134 90 24 40 90 141 145 9 38 250 106 225 216 156 251 32 241 188 165 234 124 65 76 105
116 85 175 84 254 54 41 24 117 45 226 172 176 251 120 216 107 133 88 165 130 216 101 218 187 212 184 215 138 106 24 173
228 98 223 8 218 198 242 234 188 236 229 147 140 53 79 246 85 87 187 58 39 98 70 215 22 103 218 132 149 203 30 174
49 23 102 102 109 74 161 152 178 26 138 248 184 7 34 138 104 252 51 211 144 156 239 33 179 218 97 126 250 93 132 109
181 177 176 64 184 201 41 218 238 24 96 191 16 75 124 223 1 123 35 163 136 215 63 195 243 68 81 198 88 211 29 40
230 184 251 129 242 196 19 51 237 13 229 119 133 115 254 247 25 7 173 106 191 119 62 215 50 38 90 132 67 131 61 136
24 68 110 157 28 171 108 153 178 239 32 8 56 129 6 220 110 254 179 145 18 152 197 41 215 217 164 106 248 77 64 111
166 185 155 131 200 201 193 187 238 120 221 239 15 22 222 215 153 69 167 67 65 118 51 196 35 106 82 197 83 211 159 32
24 65 79 60 94 178 108 8 176 239 34 152 188 227 74 136 78 222 17 151 7 136 193 26 29 207 226 106 170 108 66 223
247 184 243 145 209 204 90 51 205 121 85 87 7 115 222 247 173 69 164 104 85 231 50 197 50 38 27 4 65 147 113 10
25 5 100 197 44 43 193 217 16 250 154 0 56 141 2 8 98 250 114 129 145 159 207 40 217 217 229 106 252 77 64 111
161 254 31 187 75 96 79 55 50 227 151 243 135 80 221 183 236 64 37 86 68 32 17 172 13 108 35 181 199 144 215 68
222 207 177 196 224 13 177 255 110 4 236 47 1 159 52 85 35 29 107 225 154 255 55 195 243 86 88 197 27 195 57 42
162 50 127 33 75 70 202 102 50 189 53 243 140 21 111 254 76 77 189 123 65 64 71 156 18 206 99 61 7 206 20 60
179 181 50 215 33 217 13 145 199 83 154 56 82 75 16 11 170 110 98 225 216 156 247 32 113 204 37 243 120 53 65 104
163 184 127 11 19 196 214 50 40 243 21 215 207 117 79 37 140 69 165 90 117 100 32 181 0 174 231 5 7 151 161 146
244 255 152 66 232 73 161 214 212 12 232 47 72 14 54 215 34 113 171 193 155 210 63 210 226 52 80 241 19 199 29 45
164 248 255 137 18 228 78 51 170 173 85 247 141 82 254 247 221 69 165 127 69 98 17 221 22 108 87 133 69 128 83 72
116 85 107 229 80 232 33 152 162 47 100 122 252 208 238 206 236 196 148 179 131 144 101 18 39 166 115 126 55 79 69 41
31 5 250 197 172 137 69 153 224 125 40 0 8 165 48 65 47 22 231 129 147 154 243 3 81 182 181 78 125 65 80 107
163 162 117 136 27 204 66 214 174 130 213 251 173 17 238 221 196 217 43 63 72 98 75 153 146 220 103 202 241 152 47 122
25 21 122 229 44 41 161 157 82 122 216 104 88 7 22 10 238 120 106 129 208 152 255 32 241 222 97 255 250 87 204 45
27 1 98 215 248 187 37 153 231 59 192 58 82 227 48 75 171 60 20 161 144 148 245 16 226 210 36 106 186 119 64 3
165 58 127 33 85 64 202 22 230 184 29 210 132 19 238 252 201 12 165 127 65 128 37 29 146 190 51 61 67 212 93 42
135 170 145 1 144 201 155 167 230 120 93 103 15 13 29 245 173 69 175 72 65 34 50 197 114 62 87 132 85 151 249 10
24 69 100 196 109 171 161 157 182 158 170 8 120 141 50 73 99 250 114 225 216 152 207 41 217 220 33 107 252 73 80 111
48 65 102 211 44 235 65 217 150 58 216 168 80 0 53 220 194 122 59 161 208 26 207 162 193 89 1 106 252 223 72 47
24 70 32 223 36 59 212 197 22 142 58 32 56 140 181 68 98 242 219 165 139 158 222 43 205 241 164 106 120 97 78 111
76 82 231 55 199 6 206 37 91 165 175 212 244 214 33 104 89 143 101 127 162 79 36 79 10 51 26 31 10 42 115 16
160 186 15 42 76 104 194 98 144 250 213 195 239 28 207 244 220 242 191 87 69 39 74 213 132 233 198 57 85 219 206 103
166 57 123 67 122 208 15 174 246 61 112 223 220 81 121 183 24 15 25 59 242 84 20 214 51 195 218 164 18 150 150 164
230 126 141 175 203 6 215 169 32 229 39 117 175 246 202 99 189 140 213 94 47 96 0 62 12 134 107 31 255 72 151 240
89 133 110 247 12 187 69 129 147 250 130 0 114 139 15 140 238 210 84 145 146 159 204 50 152 201 160 106 252 107 192 79
76 201 137 155 212 63 85 143 109 36 175 167 99 186 164 196 213 165 95 100 38 99 0 87 77 165 90 104 17 42 115 131
176 189 122 201 24 233 73 151 150 251 208 179 67 66 221 149 172 109 38 131 72 182 211 161 5 76 101 224 245 209 193 106
49 5 110 199 40 107 169 153 50 122 216 56 120 143 6 138 110 248 122 147 209 158 239 32 241 222 225 106 188 95 192 111
104 64 110 188 94 54 104 72 147 140 166 56 248 232 234 216 83 218 80 149 38 25 204 88 158 89 194 106 234 72 94 247
96 64 207 8 92 239 104 138 180 238 225 139 12 179 78 212 93 71 187 208 7 7 198 211 22 101 218 108 149 203 90 47
48 196 68 19 60 251 104 129 158 170 187 144 26 2 223 156 82 235 178 197 2 143 205 233 69 121 132 106 104 168 106 7
79 154 243 2 208 201 42 226 206 24 232 111 5 25 52 247 27 23 171 233 147 215 62 195 226 51 90 132 17 195 125 35
168 231 0 90 32 59 162 230 29 78 248 138 74 44 87 247 54 114 218 154 223 47 222 245 236 121 132 241 53 175 172 165
206 250 149 186 211 20 222 102 105 133 63 87 167 60 181 35 17 135 205 76 47 103 16 207 14 49 90 149 67 160 179 208
69 153 26 6 176 221 161 163 212 28 105 15 2 31 55 191 43 48 171 225 147 82 58 22 98 38 221 229 21 87 221 36
27 149 98 231 44 171 161 145 18 82 138 72 122 141 2 10 238 250 114 211 208 154 239 33 248 223 161 127 252 53 224 13
206 236 129 182 225 61 178 101 73 4 239 5 35 188 181 103 17 150 205 108 78 111 26 231 109 33 30 145 73 33 183 0
165 50 127 1 197 64 202 86 102 168 29 243 132 21 238 252 201 76 165 127 65 0 5 221 146 254 19 29 67 212 31 122
166 254 31 187 75 96 79 55 34 227 151 247 135 80 221 55 204 192 37 94 68 96 17 172 13 110 35 181 71 144 215 64
181 49 176 64 184 201 41 218 238 8 96 191 16 75 252 215 41 123 43 163 136 215 63 195 243 92 81 198 88 211 29 40
25 1 236 221 60 187 69 153 165 223 104 26 48 201 128 8 230 126 26 193 152 152 235 24 83 220 165 106 244 76 64 123
230 250 147 32 192 77 194 38 108 44 229 199 13 22 255 247 89 5 173 106 7 98 22 215 6 39 90 149 71 131 63 0
167 168 221 3 147 196 242 42 108 243 23 215 175 117 91 33 220 5 165 90 101 100 32 157 22 174 111 13 7 150 227 154
206 110 207 185 79 54 222 111 41 229 63 231 189 246 129 32 85 197 93 126 46 107 0 46 13 133 238 25 229 40 115 210
24 64 110 61 28 171 108 153 178 239 32 8 56 165 2 220 110 254 179 149 3 136 197 41 215 217 164 106 248 79 64 111
135 170 145 129 144 201 27 167 230 120 93 103 15 13 29 245 165 69 175 72 73 48 50 197 114 62 87 132 85 151 249 10
24 197 104 215 44 185 73 145 151 123 186 0 64 128 52 156 98 114 118 129 154 158 255 32 193 249 180 234 120 193 64 39
183 191 59 185 67 64 79 20 34 99 159 245 135 82 156 39 236 204 36 79 64 224 49 172 9 206 51 151 233 144 197 88
25 5 100 205 44 43 197 217 18 250 154 128 56 141 2 8 230 250 118 145 145 156 207 40 217 217 229 106 252 93 192 111
116 81 107 117 80 96 35 152 162 47 96 250 236 80 238 222 236 68 180 179 195 144 101 22 55 166 179 62 55 207 69 41
181 169 243 68 240 233 128 208 230 8 69 170 36 79 254 214 208 215 163 161 9 2 211 209 178 44 149 132 19 151 63 8
125 69 191 84 254 22 41 24 103 13 226 60 176 251 96 216 107 13 88 165 130 217 101 90 251 214 58 86 138 110 24 169
179 53 125 232 201 201 65 152 242 227 150 233 191 3 78 213 164 204 54 18 12 168 67 160 25 204 119 70 255 223 1 126
145 55 122 101 108 73 129 156 98 123 216 232 28 7 54 154 238 108 107 161 208 152 247 48 249 222 113 215 250 213 69 40
179 178 119 163 77 192 66 84 146 186 157 226 174 17 47 221 232 120 47 123 64 146 73 157 146 254 71 47 109 210 205 122
228 114 207 8 88 238 122 234 148 236 229 155 140 53 79 244 93 87 187 26 7 98 70 215 22 103 218 132 21 203 30 175
228 106 207 186 87 54 94 97 25 229 55 149 167 242 201 32 81 135 213 94 46 103 0 47 13 33 78 27 71 40 246 215
31 5 242 205 172 137 213 145 224 61 40 64 8 165 176 73 46 7 230 161 147 216 243 3 81 182 181 74 125 65 80 107
230 250 243 34 210 68 74 38 202 45 149 255 141 82 253 247 217 5 165 123 67 98 32 199 35 103 82 149 3 146 191 0
159 143 184 69 224 137 177 214 102 16 220 47 65 15 52 197 163 48 107 225 216 250 191 97 227 190 81 193 59 215 25 42
180 255 24 66 232 73 161 214 212 28 232 143 72 14 54 215 34 49 235 193 155 218 63 226 226 52 80 241 19 199 29 39
166 249 91 131 200 201 193 186 254 120 213 239 15 22 94 215 153 101 167 67 65 102 59 196 35 106 82 228 83 195 223 32
49 23 112 196 233 203 169 157 246 58 200 152 88 7 6 155 230 110 58 243 152 152 255 33 243 220 229 230 188 223 4 45
231 248 251 1 209 204 90 50 205 105 5 87 7 83 223 247 169 5 165 104 65 231 50 197 50 38 27 4 71 179 241 10
73 0 76 158 62 183 84 137 181 211 147 16 122 226 73 8 86 168 87 212 126 5 200 56 77 201 172 106 242 120 194 247
231 184 251 129 243 196 19 50 237 29 228 119 133 115 254 247 25 7 173 106 191 119 62 215 18 34 90 132 1 131 61 152
231 227 205 8 157 236 65 246 174 200 215 191 47 8 238 213 149 217 171 62 109 226 11 153 150 220 111 192 209 157 175 122
48 64 79 124 95 242 108 8 176 255 51 154 188 243 74 152 78 223 16 151 55 8 192 28 23 203 226 110 162 236 66 215
164 184 123 3 80 228 74 34 198 107 85 247 143 82 207 246 220 69 165 75 69 34 98 213 38 46 83 172 5 211 223 8
167 168 187 0 211 68 22 58 110 113 213 223 159 113 92 183 25 71 5 12 37 101 49 220 55 138 218 149 130 146 179 136
180 246 174 112 195 91 98 68 115 100 106 192 48 27 4 247 109 213 216 159 18 200 213 165 62 252 176 23 44 162 24 31
49 23 102 102 105 66 169 156 178 58 138 248 184 7 2 154 104 252 51 211 144 156 231 41 179 218 97 246 250 93 132 125
178 119 78 219 91 242 75 205 177 255 162 80 242 65 91 247 173 249 144 159 220 216 205 180 135 206 161 115 182 201 92 127
135 186 211 34 146 68 30 98 42 123 93 207 199 81 205 182 156 68 172 90 100 34 32 197 50 46 67 20 5 150 161 24
49 21 110 197 41 106 201 153 50 250 216 248 248 7 6 159 238 120 122 147 209 156 239 32 209 222 225 111 188 95 192 127
230 126 141 175 203 6 214 173 32 197 39 85 175 246 203 99 29 132 213 30 47 96 0 62 12 132 235 31 223 72 214 240
94 79 176 196 232 13 177 255 110 20 108 47 65 159 48 65 51 31 107 225 154 255 55 194 243 214 24 197 155 67 57 42
15 15 184 70 161 141 177 254 100 88 200 47 11 173 22 67 35 49 235 224 217 254 191 80 242 52 121 199 19 87 141 56
27 133 98 229 109 9 161 145 18 114 138 104 56 141 2 202 238 250 114 211 208 154 239 33 240 94 229 127 252 61 224 77
49 149 106 231 68 105 197 17 146 122 208 224 70 206 29 220 236 242 188 129 209 150 233 33 128 170 35 62 111 87 193 7
155 171 56 64 32 201 161 245 214 26 216 136 74 13 23 215 50 115 171 225 217 222 191 225 240 184 212 224 27 215 143 32
96 64 207 8 92 239 96 138 180 238 229 138 12 183 78 212 95 71 187 208 7 7 198 211 22 231 218 12 149 203 90 175
72 74 78 151 101 63 64 39 157 188 171 7 98 154 55 108 83 177 221 69 22 71 44 110 76 177 42 105 67 104 210 103
161 186 31 171 87 96 74 102 144 234 159 195 175 16 207 246 220 242 189 95 69 38 8 237 5 107 82 57 71 208 223 68
115 16 247 165 204 68 198 17 99 181 161 84 164 87 110 252 73 15 229 123 131 194 97 15 18 230 27 31 77 88 80 74
225 153 26 6 176 221 163 163 212 28 105 143 2 31 55 255 43 49 169 225 211 82 186 22 226 54 253 228 21 87 213 36
93 154 179 183 197 17 198 5 208 188 171 68 164 155 36 108 104 132 181 193 146 158 165 43 2 50 186 62 107 64 80 71
89 22 34 183 36 25 198 197 81 154 168 0 34 143 39 205 106 152 255 243 146 30 234 35 216 48 173 95 127 121 196 101
230 124 191 57 195 84 70 32 105 229 23 213 165 80 253 33 89 199 36 111 102 96 0 158 28 102 58 21 69 128 115 90
244 247 175 116 243 114 98 84 115 36 234 136 176 27 124 247 111 213 216 159 130 216 69 150 190 244 184 215 170 42 28 15
164 121 91 131 200 201 193 186 254 120 213 239 79 22 94 215 137 69 167 67 65 230 59 196 35 106 82 228 83 195 223 32
180 255 24 66 232 73 161 214 212 28 232 143 72 14 54 215 34 49 235 193 155 218 63 226 226 52 80 241 19 199 29 39
49 23 96 70 105 233 169 156 214 26 202 152 88 7 38 11 230 126 51 147 153 156 255 33 243 220 225 230 188 87 132 45
227 168 221 3 147 196 242 34 40 243 23 215 175 117 95 37 220 5 165 90 101 96 32 157 22 174 111 13 7 150 227 154
135 170 145 129 144 201 27 231 230 88 77 103 15 9 93 245 165 69 175 72 201 112 50 197 114 46 87 132 85 151 249 10
177 133 106 219 12 249 73 145 151 123 146 48 82 67 93 149 238 96 54 193 208 148 255 160 81 252 37 234 252 209 64 111
24 5 110 204 109 171 201 157 182 191 170 56 120 133 18 73 111 250 114 131 208 152 223 40 217 220 225 107 252 73 80 127
79 171 209 50 210 68 63 102 73 27 85 239 167 56 229 190 144 4 169 122 174 35 34 87 35 39 31 148 5 191 163 152
231 184 211 129 209 204 74 35 205 125 5 87 5 83 254 247 169 5 165 106 193 115 48 199 50 38 27 4 69 179 241 26
49 21 98 102 108 107 161 152 178 26 138 120 248 143 34 138 106 248 51 243 144 158 239 33 179 218 33 126 186 93 132 109
49 5 110 199 40 107 169 153 50 122 216 56 120 143 6 138 110 248 122 147 209 158 239 32 241 222 225 106 188 95 192 111
181 237 225 72 240 233 128 208 230 12 70 187 44 77 238 214 208 211 163 163 73 18 83 209 178 44 215 198 17 159 31 104
181 177 176 64 184 201 169 218 238 12 108 191 24 75 254 215 33 123 43 161 136 215 63 195 242 108 81 198 217 211 29 40
160 248 79 155 90 224 94 167 20 227 151 211 143 64 221 183 204 96 183 94 69 32 80 172 5 108 231 189 199 216 223 36
48 64 79 60 94 162 108 8 176 239 51 154 188 227 74 152 78 223 16 151 7 136 193 24 23 203 226 106 234 76 66 223
230 250 183 34 211 68 74 38 234 5 21 255 141 80 236 246 89 7 165 111 99 98 4 199 35 35 90 149 1 130 191 0
177 55 123 228 72 233 193 156 98 115 220 232 28 7 134 158 236 76 43 179 192 152 231 160 249 222 113 223 186 215 5 40
230 184 251 129 242 196 19 51 237 13 229 119 133 115 254 247 25 7 173 106 191 119 62 215 50 38 90 132 67 131 61 136
183 181 51 245 3 80 69 21 99 51 156 117 148 67 176 43 172 76 36 175 208 184 113 44 17 206 35 23 238 20 193 88
88 65 96 71 56 191 33 153 135 27 192 60 112 226 35 10 162 168 10 161 250 156 247 18 226 212 44 226 186 63 160 187
230 250 155 35 208 205 194 38 236 44 229 199 13 22 254 247 89 69 173 122 7 98 22 215 22 38 90 149 71 131 127 8
228 106 207 186 87 54 94 97 25 229 55 149 167 242 201 32 81 135 213 94 46 103 0 47 13 33 78 27 71 40 246 215
91 5 136 64 232 143 161 222 116 30 232 15 72 175 54 223 51 53 251 240 155 219 255 82 242 148 89 212 151 207 24 173
160 98 70 155 31 114 78 107 157 235 19 146 178 64 201 188 212 251 20 95 100 37 200 124 13 201 132 40 230 184 238 87
182 185 122 66 56 201 169 186 214 88 208 79 74 7 95 247 172 99 171 227 209 214 63 213 51 110 85 228 21 215 29 44
72 0 76 158 63 183 84 137 181 211 147 16 250 226 65 8 86 186 86 212 126 13 200 56 77 153 172 106 246 104 194 247
93 69 191 84 254 22 41 24 103 13 230 60 176 251 112 88 99 13 80 165 162 217 101 90 251 214 58 86 138 78 24 171
24 69 108 221 61 187 69 153 166 203 120 24 48 137 160 8 230 234 46 225 200 152 235 26 209 220 165 106 252 64 64 123
231 42 173 10 159 205 84 254 174 200 215 191 47 8 254 213 149 249 171 86 109 96 11 153 150 204 103 192 211 157 175 122
76 78 207 191 79 54 94 111 9 229 63 134 167 186 161 40 87 141 84 94 38 105 0 46 13 131 110 57 229 40 114 211
164 120 79 8 88 232 107 170 212 236 97 203 14 17 95 245 93 87 187 82 7 98 86 213 6 105 210 172 21 203 94 39
96 0 239 8 92 239 96 138 180 238 229 138 8 183 78 212 87 71 187 208 7 7 198 211 22 231 218 72 149 203 90 175
207 168 155 32 211 84 54 46 104 101 135 207 47 113 220 103 157 5 133 44 101 103 52 220 63 38 218 149 3 146 179 138
79 15 184 70 161 141 177 254 100 24 200 46 43 175 50 75 35 49 235 224 185 255 191 80 242 52 89 197 17 87 141 184
230 127 143 175 203 38 215 201 32 229 103 119 175 246 202 99 189 140 215 90 111 32 0 62 13 198 107 95 255 76 150 240
222 79 177 192 224 13 177 254 110 4 236 47 1 31 52 213 35 29 107 225 154 255 55 195 243 118 88 197 27 195 25 42
167 187 19 235 3 192 151 167 134 83 221 87 199 68 221 167 172 112 175 72 249 48 58 149 160 47 71 149 85 151 173 88
93 152 155 183 196 25 69 5 208 188 171 68 4 155 52 68 107 132 245 193 146 159 165 35 2 50 186 62 99 64 80 7
225 48 79 187 95 246 78 35 155 235 21 243 183 80 201 184 220 205 20 94 100 101 0 220 7 75 10 44 194 184 230 214
89 65 100 86 62 183 37 25 135 155 192 56 114 234 34 8 226 184 26 181 248 156 237 26 226 212 44 106 170 62 128 251
163 42 255 40 146 80 30 122 32 123 149 251 215 115 205 182 172 68 4 30 100 32 97 212 55 174 227 4 39 214 129 186
155 171 56 64 32 201 161 245 214 26 216 136 74 13 23 215 50 115 171 225 217 222 191 225 240 184 212 224 27 215 143 32
105 0 78 191 31 182 94 41 153 243 147 16 251 226 73 40 220 142 212 30 53 37 128 44 13 137 170 42 230 56 226 215
229 248 243 2 210 68 74 34 202 41 213 247 141 82 255 247 216 5 165 107 65 98 48 199 50 39 83 148 7 147 191 8
31 7 176 237 45 9 213 221 162 148 42 0 24 173 176 9 38 242 234 161 219 216 255 3 217 180 181 91 252 65 72 106
227 184 221 35 139 196 242 34 40 243 21 215 175 117 79 165 212 133 167 90 109 96 0 157 12 238 111 29 23 159 231 26
207 232 153 40 211 4 54 46 105 229 135 15 175 240 220 101 157 133 205 12 39 101 16 222 63 164 218 21 71 18 179 154
231 185 219 128 210 196 19 34 237 29 229 87 133 115 126 247 25 7 141 106 191 103 54 215 50 34 90 132 1 163 63 152
95 5 240 205 164 137 149 157 228 20 40 4 24 167 178 73 34 13 238 160 187 218 243 3 89 182 189 203 124 67 112 170
207 171 209 50 211 68 31 102 75 19 85 239 231 56 165 46 144 12 169 122 238 33 34 87 35 39 15 148 5 191 167 152
230 248 223 1 210 196 194 38 236 172 229 231 141 22 254 247 93 69 173 126 7 102 4 215 6 38 90 157 67 130 127 8
73 2 79 46 30 38 246 206 48 236 63 10 175 188 3 220 87 153 221 86 55 109 0 94 13 194 202 88 179 74 130 247
135 170 145 129 144 201 27 231 230 88 77 103 15 9 93 245 165 69 175 72 201 112 50 197 114 46 87 132 85 151 249 10
52 58 127 37 84 96 75 18 160 250 57 210 132 17 110 220 236 4 164 247 208 128 101 6 18 174 51 60 71 198 85 42
32 64 70 187 31 114 78 65 153 235 19 144 178 192 73 0 84 251 84 223 4 79 200 124 13 233 164 42 102 40 194 215
247 184 251 147 208 220 90 51 237 113 69 119 71 83 92 247 173 69 164 90 93 231 48 197 50 36 27 4 65 147 113 26
164 120 79 9 92 232 235 170 244 108 97 203 14 18 94 213 92 71 191 83 7 66 86 213 7 105 210 172 85 203 94 39
49 23 32 70 96 233 169 156 214 90 202 152 90 135 2 10 230 122 50 163 153 158 255 33 242 252 225 230 60 87 4 45
167 184 187 8 219 68 55 62 110 113 213 223 159 113 88 183 25 7 5 12 101 100 17 220 55 138 218 149 130 146 179 144
230 116 207 169 203 102 215 153 32 229 7 245 175 118 202 99 172 204 247 30 47 32 65 62 13 196 99 95 255 76 196 248
177 60 79 155 76 232 77 147 52 227 151 243 142 64 221 151 236 64 183 83 64 160 67 172 5 204 167 189 199 209 204 108
163 37 127 9 159 194 213 154 38 243 23 249 191 97 90 32 228 204 37 22 37 160 65 188 31 206 231 78 180 220 193 250
228 106 207 186 87 118 94 97 9 229 55 215 167 114 203 40 89 135 213 94 39 103 0 175 13 33 202 29 69 40 246 210
167 186 16 139 1 201 67 247 134 90 213 119 71 8 221 181 172 96 167 73 72 50 51 197 64 45 85 160 85 145 237 98
176 133 122 223 44 249 9 145 151 51 154 48 82 67 20 1 170 104 118 193 216 156 255 160 65 252 53 234 124 117 80 111
73 64 76 190 63 183 84 137 49 211 151 16 251 226 9 8 214 184 87 84 126 45 200 56 77 217 172 106 250 104 198 247
24 65 79 60 94 178 108 8 176 239 34 152 188 227 74 136 78 222 17 151 7 136 193 26 29 207 226 106 170 108 66 223
27 1 232 221 45 187 69 153 165 223 104 16 48 137 128 8 230 250 46 225 216 152 251 24 209 220 165 74 252 73 64 123
48 217 114 74 56 233 169 146 150 90 112 27 72 4 223 215 42 115 187 225 219 150 255 209 226 107 212 224 19 199 24 37
78 17 241 102 202 197 41 218 106 21 236 127 197 91 32 74 145 13 43 113 218 247 39 66 243 214 27 212 154 211 21 56
223 255 177 143 161 205 149 189 14 8 92 103 17 30 178 9 162 45 47 161 234 215 51 66 80 84 76 211 218 145 233 106
177 55 122 229 76 233 193 156 50 122 216 232 28 7 6 158 236 104 107 147 208 152 239 160 249 222 97 255 250 215 68 44
76 74 207 191 71 54 94 111 9 165 63 4 231 250 161 40 83 141 212 126 102 105 0 46 13 161 174 57 103 40 226 211
163 59 127 104 26 64 95 122 162 243 149 251 223 99 205 182 172 68 4 30 117 160 97 156 55 142 227 68 166 214 129 186
106 123 141 174 75 6 215 237 48 229 231 70 239 252 203 106 93 140 221 90 111 96 0 30 13 130 106 31 179 72 134 244
89 4 100 92 54 179 60 137 149 223 98 144 248 161 195 136 86 251 218 156 191 9 204 27 220 149 173 106 180 106 36 255
24 69 100 196 109 59 161 157 116 150 170 8 56 141 50 72 99 254 114 225 216 152 207 43 216 220 49 107 252 105 80 111
224 112 79 170 95 102 78 90 154 171 151 247 191 82 207 158 216 233 21 23 102 100 9 220 5 200 106 58 195 216 206 85
91 71 96 118 55 183 48 84 139 147 222 60 243 168 161 8 163 184 72 189 232 188 237 26 232 22 40 106 234 52 165 219
88 68 76 158 44 171 68 153 22 139 87 176 122 192 161 136 230 232 94 245 74 136 203 56 77 221 37 106 248 88 192 123
230 124 207 171 203 70 214 169 96 197 39 85 191 118 218 99 189 132 197 30 47 96 0 62 12 132 251 31 215 72 215 240
75 2 13 46 31 54 246 236 56 228 235 66 171 190 131 42 83 155 221 30 63 109 0 94 141 147 202 31 183 74 130 245
228 106 205 186 87 118 94 97 9 229 55 149 167 242 201 32 81 135 213 94 47 103 0 47 13 33 174 27 69 40 182 210
95 135 176 197 168 137 149 189 100 20 104 4 25 167 178 73 35 5 238 160 187 218 243 35 89 22 253 199 60 67 112 170
179 37 127 9 31 194 213 152 38 243 23 249 191 101 74 1 236 204 39 18 37 160 65 188 31 206 231 79 180 220 193 250
231 171 145 129 240 205 11 247 238 0 197 119 5 25 124 111 145 13 167 122 140 115 54 71 115 39 95 132 21 151 189 56
163 168 93 11 147 196 242 34 44 243 23 215 143 117 79 37 156 69 165 90 101 100 32 189 34 174 231 4 7 150 227 154
177 133 106 219 12 249 73 145 151 123 146 48 82 67 93 149 238 96 54 193 208 148 255 160 81 252 37 234 252 209 64 111
167 186 19 235 19 192 159 167 132 91 213 215 199 68 221 167 172 112 174 74 125 176 58 149 0 47 103 149 117 151 173 88
73 66 76 190 47 183 84 9 57 211 151 16 251 162 1 8 214 184 87 84 126 45 200 56 77 217 236 106 186 120 198 247
89 4 100 92 54 183 54 9 149 159 96 16 248 161 227 136 70 251 218 188 191 9 204 27 220 149 173 106 188 106 164 255
163 59 127 104 26 64 95 122 162 243 149 251 223 99 205 182 172 68 4 30 117 160 97 156 55 142 227 68 166 214 129 186
8 66 76 60 62 50 118 106 185 206 35 2 186 167 67 184 86 179 219 150 63 15 200 126 221 147 204 106 52 106 142 247
167 184 16 139 1 201 67 243 198 90 221 119 71 72 157 183 172 96 167 73 88 48 59 197 128 45 85 161 85 145 237 96
224 112 79 42 95 102 76 74 154 235 151 243 175 82 207 28 216 185 21 87 5 38 9 220 13 201 106 58 131 216 206 87
164 120 79 9 92 233 233 138 244 110 97 203 14 18 94 212 92 71 191 67 7 67 214 213 7 105 210 236 85 203 94 37
49 55 112 196 232 203 169 157 246 122 200 184 24 7 22 223 230 110 58 243 152 152 247 160 115 220 229 231 188 221 0 47
17 23 122 229 44 105 129 156 114 122 216 104 24 7 22 26 238 120 106 193 208 152 255 32 241 222 97 255 250 85 204 44
180 114 47 168 31 96 78 90 162 173 21 251 189 80 238 148 204 73 44 55 100 96 65 156 149 206 103 29 228 216 29 120
90 65 100 68 55 183 56 152 135 15 212 56 112 225 163 8 34 168 90 188 238 152 230 27 120 21 169 226 184 62 160 249
32 120 79 58 77 102 76 10 24 227 23 210 239 214 79 148 220 154 181 87 5 39 72 172 13 203 66 56 163 88 194 85
24 149 98 229 44 41 161 144 50 58 216 72 72 133 39 206 106 122 123 225 208 152 239 33 248 222 37 123 252 71 64 47
178 249 122 67 56 201 169 146 150 122 112 91 74 5 95 215 44 115 187 195 209 150 255 209 162 106 213 224 21 199 28 37
27 135 48 197 164 9 161 149 198 26 200 8 64 141 20 221 42 62 43 193 208 158 255 193 242 250 149 226 120 247 201 43
11 0 68 191 63 178 126 41 25 243 147 16 243 226 73 40 150 174 84 158 252 45 128 44 13 9 164 43 46 60 226 215
32 64 79 62 78 34 198 40 16 231 55 192 175 180 207 212 220 214 213 86 5 47 192 173 13 233 194 57 173 104 194 213
224 48 79 187 95 246 78 35 155 251 23 243 183 80 201 184 220 205 20 95 100 101 0 220 7 75 10 44 194 184 226 214
179 57 26 203 9 200 129 166 156 123 208 91 79 66 93 247 172 102 163 67 81 182 187 228 33 107 87 181 85 215 145 36
180 246 174 117 242 114 114 84 243 236 96 192 144 91 84 247 111 215 88 143 179 200 213 190 191 132 176 183 236 98 92 173
24 69 100 196 109 171 225 157 54 142 170 40 56 141 50 72 99 250 114 225 216 152 207 40 217 220 33 107 252 73 80 111
