178 181 90 201 18 210 119 22 151 123 80 123 219 67 95 183 172 97 152 138 241 180 217 244 52 142 197 164 196 231 72 141
164 250 7 42 23 100 222 38 48 234 23 199 111 20 207 180 220 225 132 78 101 98 8 221 12 173 66 32 7 176 167 86
176 48 78 185 30 114 84 9 145 251 145 208 222 99 75 184 76 251 28 159 117 140 201 188 4 203 164 58 236 232 76 199
48 49 78 155 30 242 68 11 149 251 208 82 218 98 91 157 108 121 28 151 243 156 201 252 4 200 132 104 226 232 64 231
48 81 78 219 58 242 69 27 149 251 208 114 210 66 219 159 108 121 28 135 211 156 217 220 4 200 132 104 194 250 72 103
49 21 110 216 58 242 109 138 149 235 112 154 152 96 90 155 110 126 26 151 154 144 199 56 22 201 165 226 244 238 128 229
179 186 122 107 18 192 22 55 146 122 80 195 199 35 95 247 172 65 164 138 245 164 241 149 52 46 231 165 101 183 253 14
48 69 110 216 62 242 109 137 149 235 112 24 152 96 218 153 110 124 24 164 187 144 213 26 22 201 165 226 246 254 192 231
28 143 136 68 160 137 161 229 116 84 234 41 73 141 22 197 39 240 250 128 153 186 254 161 232 189 245 193 61 103 57 39
48 1 78 155 60 242 92 9 181 171 48 16 216 96 250 153 110 94 20 183 178 144 197 122 6 201 132 106 230 232 192 247
48 4 79 153 94 114 76 9 145 175 51 208 240 240 234 152 78 222 20 183 2 0 197 186 6 201 130 58 228 232 194 199
48 85 110 217 58 250 109 155 151 171 208 50 208 98 250 159 110 107 24 167 209 156 209 210 20 204 132 98 210 254 72 237
176 85 110 217 58 250 109 155 183 171 240 26 152 99 250 159 46 123 16 167 209 156 209 218 22 204 132 226 208 238 72 237
178 37 110 202 26 226 5 138 150 251 208 186 218 96 95 191 172 108 154 178 253 156 211 244 36 140 197 224 246 223 0 191
176 53 110 216 58 242 45 155 181 251 240 24 216 99 90 159 108 123 16 151 179 148 219 246 22 200 132 224 218 238 72 237
49 1 110 202 60 250 109 155 180 171 112 58 88 192 74 157 110 125 146 183 219 144 223 18 70 201 229 234 242 223 192 229
49 1 110 218 58 250 37 155 151 171 112 58 80 192 122 155 110 120 26 165 154 152 223 26 102 201 165 234 178 255 128 231
48 117 110 216 58 242 45 155 183 251 240 56 216 99 90 155 108 123 16 151 178 148 219 254 22 200 132 226 218 238 8 101
49 5 110 218 60 250 37 155 183 171 112 58 208 192 90 155 110 120 24 183 154 152 221 26 229 217 165 106 250 255 192 231
48 81 110 202 58 242 13 155 180 235 112 26 218 96 219 155 46 127 16 135 210 144 209 154 6 200 228 226 210 204 128 101
49 21 78 221 62 242 101 137 183 171 208 56 176 224 122 155 238 108 30 165 146 152 195 58 21 205 165 106 252 252 192 237
48 213 110 216 58 242 45 18 149 251 240 24 208 99 88 155 108 109 16 135 210 156 221 242 23 201 164 226 202 172 0 205
165 56 223 1 212 196 66 171 236 249 197 215 141 81 110 253 88 15 167 123 7 98 39 94 18 160 91 12 87 214 219 42
24 4 78 254 39 51 214 9 17 247 187 128 250 230 131 32 102 228 208 156 109 12 200 188 12 137 228 123 238 120 66 215
56 20 78 254 39 178 126 1 17 243 178 144 242 226 9 42 236 246 80 158 244 12 200 44 13 169 164 59 110 44 32 213
179 186 58 107 19 192 95 54 128 123 208 211 199 67 95 183 172 65 160 10 245 228 113 213 54 46 231 133 103 183 189 142
152 70 12 254 15 35 220 141 16 227 155 128 59 166 131 32 230 224 220 148 117 44 192 44 77 189 229 122 116 120 192 247
176 117 122 219 58 242 109 154 149 251 240 88 82 97 219 147 44 126 16 133 243 148 221 240 0 200 133 226 192 230 72 229
179 177 122 201 26 192 63 6 150 123 80 123 222 99 95 247 172 97 152 155 245 148 217 213 4 238 231 165 150 183 156 12
152 102 12 255 13 43 220 141 16 242 155 128 251 166 135 4 230 236 182 212 117 172 195 168 77 252 229 106 253 88 192 119
176 85 110 216 58 242 53 154 183 251 80 26 218 97 91 159 44 122 16 151 177 144 217 116 22 200 132 226 240 239 0 229
48 85 110 217 58 250 53 154 181 251 80 26 218 97 219 155 44 122 24 133 210 144 217 248 22 200 133 226 240 239 0 229
178 119 110 217 26 242 87 27 183 251 80 80 218 64 219 159 108 110 20 151 241 152 209 180 0 202 165 107 224 239 64 229
176 116 111 57 30 114 84 27 147 251 17 211 214 112 207 148 108 102 20 151 113 136 193 188 4 202 167 106 224 228 192 199
176 246 111 59 30 114 86 10 19 251 23 210 246 112 207 180 76 226 20 31 117 40 72 188 12 203 166 58 160 252 198 199
183 187 176 64 242 192 187 246 230 90 196 251 223 9 94 247 165 113 170 10 185 176 127 213 178 46 209 149 23 151 61 40
176 53 122 203 58 242 79 155 180 251 80 218 218 65 219 187 44 126 16 135 241 156 209 252 52 200 197 226 210 206 0 252
179 59 122 201 18 210 95 62 150 123 84 211 223 99 223 183 172 65 0 14 245 180 209 212 48 78 231 181 182 214 152 172
49 56 74 75 18 208 54 154 144 123 208 114 206 67 95 183 172 64 144 223 241 180 225 20 32 175 231 36 119 247 193 133
160 228 78 187 94 114 78 67 17 255 55 146 182 112 79 180 92 214 20 30 103 44 200 252 12 201 130 59 192 168 74 215
183 7 184 64 248 218 57 210 247 92 224 26 80 73 90 223 39 127 26 129 154 216 255 144 242 222 177 198 176 239 28 45
176 181 122 203 24 216 95 22 148 123 208 219 210 97 223 183 108 82 144 159 209 156 209 244 52 206 133 164 192 182 24 12
49 17 234 80 248 218 41 216 245 28 224 186 80 105 72 219 39 121 18 163 154 216 255 18 242 204 177 198 180 239 28 173
183 184 115 65 16 192 75 50 230 123 212 219 143 65 223 183 172 68 164 74 81 48 51 149 50 174 211 132 7 151 161 12
49 5 110 218 62 242 37 24 181 123 208 24 218 225 75 146 230 120 16 129 152 152 207 56 16 206 161 226 180 255 0 237
177 190 58 0 240 88 226 118 119 216 233 75 139 12 94 247 173 113 170 78 113 224 223 157 166 254 241 181 199 183 28 44
49 21 110 90 56 250 53 147 183 251 208 26 218 193 95 151 236 120 16 151 209 152 207 48 52 204 165 234 164 255 64 109
49 1 110 218 60 250 45 155 149 171 112 26 208 224 122 153 110 127 16 151 146 144 221 122 70 137 133 234 228 254 192 231
48 1 78 218 58 242 45 137 149 171 112 24 216 96 251 153 46 127 16 183 218 144 215 58 70 201 164 226 208 255 192 245
177 53 106 216 56 250 53 147 151 123 208 26 82 65 95 183 172 112 152 151 248 152 219 180 20 204 165 226 180 247 128 237
176 245 122 203 18 240 6 23 151 123 80 83 82 65 223 183 108 118 156 143 209 156 209 244 4 170 133 164 66 231 72 13
57 5 108 76 59 170 21 157 182 203 80 186 122 100 210 145 38 248 26 135 57 152 203 56 84 217 229 226 246 221 128 247
57 21 106 206 44 171 205 152 178 90 80 24 90 134 78 158 46 120 179 241 211 154 207 17 19 216 229 234 240 221 128 101
178 181 122 201 24 210 119 22 151 251 80 83 222 67 95 183 172 96 152 155 209 156 249 212 16 206 197 36 166 247 72 14
32 118 79 187 27 114 94 8 49 179 23 208 254 240 235 158 220 232 84 62 102 0 73 190 13 203 167 59 172 124 198 215
176 117 106 216 56 242 109 154 183 123 80 90 218 65 223 191 44 114 24 135 241 144 217 244 54 200 197 224 208 239 72 205
167 186 179 161 211 64 71 39 224 123 213 199 7 81 223 183 172 69 172 74 101 96 48 149 18 46 243 4 5 150 229 26
48 84 78 153 30 114 92 9 177 171 16 240 212 96 251 152 238 72 28 183 146 136 193 186 5 207 167 106 236 252 192 207
176 248 122 203 18 208 22 55 150 123 80 83 214 67 223 183 172 65 128 142 241 140 209 244 36 46 197 165 196 231 24 12
176 53 122 203 24 234 175 142 150 123 208 91 90 65 223 183 172 102 178 147 209 156 219 244 52 238 197 228 19 199 8 45
49 21 78 217 31 242 69 137 181 171 208 48 144 64 250 153 238 108 20 183 146 152 209 58 21 205 165 106 252 252 192 255
49 5 108 200 44 235 237 153 182 139 112 56 24 132 254 221 230 106 187 161 155 152 223 146 86 205 229 234 248 207 128 109
176 116 111 153 94 114 78 10 149 235 17 211 150 98 207 180 204 66 148 158 101 4 201 252 20 140 131 40 198 232 66 207
176 176 94 155 30 242 78 3 148 251 17 211 158 67 223 181 236 65 156 143 81 132 209 220 20 238 199 40 198 240 200 79
179 49 122 201 26 210 15 19 151 123 80 211 214 99 91 183 172 72 176 139 213 148 211 148 16 238 165 166 134 255 8 13
177 57 122 66 44 201 137 154 134 90 88 235 64 7 20 223 168 104 43 225 208 150 251 208 243 252 85 226 87 215 73 41
177 21 98 192 40 233 169 153 182 10 248 168 72 4 54 223 170 110 59 161 155 146 255 194 242 221 85 226 249 199 192 45
56 64 79 188 94 50 76 8 179 171 49 210 188 240 234 152 222 206 20 183 38 8 197 26 23 207 162 58 230 104 198 223
49 0 78 159 28 242 77 153 181 171 144 50 56 224 88 152 238 237 20 165 146 152 197 26 71 201 164 106 226 120 192 231
178 52 126 139 31 82 86 23 149 251 17 115 159 97 223 181 236 70 140 142 113 172 209 188 4 78 165 40 224 196 64 206
24 69 110 221 60 250 77 153 183 171 208 50 112 224 122 152 238 237 22 165 154 152 213 26 86 205 165 106 248 124 192 111
25 1 100 221 62 186 44 153 181 139 112 16 80 192 242 9 226 234 18 165 154 152 223 26 87 221 165 234 254 109 192 125
24 217 72 192 44 235 137 145 180 74 88 136 72 6 182 212 166 114 179 225 147 154 255 211 243 253 212 224 55 231 200 47
49 5 70 220 62 178 77 137 181 139 192 186 176 193 106 154 226 238 26 165 138 152 206 58 23 217 165 234 252 108 130 237
25 23 76 206 61 162 132 153 182 139 80 184 184 165 226 9 230 232 27 182 75 152 207 58 116 157 229 106 250 93 196 125
179 186 123 35 18 192 35 50 162 122 208 211 206 1 79 255 172 68 164 26 209 148 97 149 34 174 199 36 19 215 133 2
167 59 123 97 219 192 3 190 226 122 213 203 207 23 95 247 172 69 165 90 209 242 51 148 51 174 115 132 23 215 149 42
17 5 76 204 63 178 165 141 182 155 218 152 184 133 178 8 230 232 90 135 201 24 207 58 220 220 229 226 190 124 194 231
183 187 123 107 83 192 115 182 224 122 213 203 207 17 223 247 172 69 165 74 117 224 49 149 50 174 211 148 53 215 245 10
17 71 76 204 63 178 149 141 182 155 90 184 184 133 242 8 230 232 26 135 73 152 207 58 212 220 229 106 250 124 194 103
183 184 123 1 146 200 82 50 228 122 213 195 7 1 95 245 236 69 164 78 117 162 81 149 22 174 231 132 103 150 229 10
163 168 123 137 147 192 70 35 228 123 213 211 143 65 79 247 164 69 172 90 125 32 112 149 22 174 231 4 39 147 225 10
161 234 71 186 23 228 70 35 160 235 95 147 167 80 205 180 220 196 140 94 69 32 0 157 12 173 231 40 101 184 227 64
167 184 127 1 144 201 82 51 228 122 213 211 15 1 95 246 236 69 172 90 69 34 0 149 22 174 247 4 5 151 161 26
183 51 59 97 218 193 41 158 230 43 92 239 156 19 62 215 168 77 43 51 128 208 55 208 51 222 87 196 211 151 129 56
167 184 123 193 146 200 82 50 230 122 212 195 79 1 95 247 172 69 172 74 117 96 49 149 18 46 247 132 37 183 241 14
182 188 59 201 18 200 206 51 164 122 80 195 71 7 95 183 172 97 164 10 213 226 249 181 20 174 231 164 5 183 249 14
183 188 59 201 19 200 219 50 180 122 84 195 71 7 95 247 172 101 164 10 213 226 241 181 16 174 247 165 7 183 93 12
179 190 59 123 83 64 123 54 179 122 212 195 199 7 95 247 172 68 164 10 245 228 57 181 52 46 183 149 37 183 53 12
179 190 59 123 83 80 122 54 147 122 212 195 199 1 93 183 172 68 172 26 244 228 113 181 53 46 179 181 37 182 57 12
167 57 91 1 24 200 113 186 228 123 81 75 79 33 223 181 172 69 181 96 213 32 49 212 54 174 83 68 23 215 192 174
8 16 70 63 30 50 102 8 16 243 147 192 254 224 1 152 220 202 84 87 84 12 200 40 13 203 167 58 108 124 194 215
9 0 78 63 12 51 68 11 144 251 27 18 238 164 129 24 206 232 85 197 85 8 192 40 77 219 167 104 230 92 194 231
41 5 76 155 12 43 205 139 53 235 27 57 106 164 217 8 246 236 127 229 68 0 193 40 77 220 37 104 247 92 192 103
161 190 15 171 23 114 214 39 19 251 21 211 191 98 207 180 204 242 156 30 101 44 200 189 4 170 229 57 101 184 230 198
167 187 155 33 211 64 95 54 224 123 85 215 199 113 95 183 172 69 172 74 117 224 48 149 50 174 211 4 37 182 165 26
179 181 122 217 26 210 63 18 183 123 80 75 218 99 95 247 44 113 144 139 177 148 217 244 22 206 133 181 198 167 28 140
167 186 187 169 211 68 86 54 162 250 21 231 7 16 223 181 172 69 172 74 101 96 49 213 6 46 87 12 71 145 229 90
178 184 59 203 18 72 222 51 182 250 213 195 79 23 95 183 172 97 164 10 85 226 121 245 22 174 199 36 71 183 237 14
49 5 108 218 60 243 101 153 151 219 208 24 82 225 89 155 166 120 18 135 248 152 219 184 85 221 165 226 252 124 192 237
48 212 70 220 51 242 46 1 149 243 178 16 240 99 89 43 44 255 16 143 240 156 216 44 21 137 165 162 236 44 32 213
57 80 78 216 36 187 96 139 181 235 208 18 82 224 203 154 238 122 26 150 158 156 206 154 4 137 160 98 247 253 0 101
167 190 19 136 242 64 195 102 102 26 220 239 143 29 127 247 165 112 170 26 181 176 62 149 162 174 83 149 5 151 189 40
183 58 123 105 19 192 86 62 160 251 84 67 223 99 223 247 172 69 132 14 245 228 49 148 20 14 231 133 166 214 213 168
48 213 110 216 58 242 109 146 151 251 240 24 208 67 88 155 108 127 16 135 210 148 223 114 23 200 132 226 202 238 0 205
49 21 108 216 62 242 37 137 149 219 80 152 210 225 91 155 230 250 18 135 216 156 219 56 21 201 165 226 252 252 132 237
155 47 121 103 9 201 33 152 162 115 28 104 111 133 6 4 164 104 39 1 16 184 235 16 113 222 101 74 187 215 197 58
31 23 184 193 184 201 161 223 230 28 104 62 24 43 122 211 39 85 42 161 250 216 247 146 243 214 181 198 178 199 28 170
49 5 106 88 60 251 37 153 149 123 208 24 82 97 203 153 174 112 152 135 241 152 221 184 100 140 165 234 244 255 192 237
49 1 110 202 60 250 109 155 180 171 112 58 88 192 74 157 110 125 146 183 219 144 223 18 70 201 229 234 242 223 192 229
178 49 122 201 26 202 133 154 134 251 208 218 94 96 223 191 172 104 186 178 253 180 211 212 5 140 199 224 182 223 136 186
25 69 76 220 63 178 229 141 180 139 218 152 56 193 178 8 246 232 90 151 201 24 206 58 93 220 229 234 190 124 130 231
178 247 126 219 26 242 87 27 183 251 80 82 222 65 223 191 108 102 148 159 241 152 209 180 4 202 165 111 224 231 64 199
167 184 123 193 146 200 82 50 230 122 212 195 79 1 95 247 172 69 172 74 117 32 49 149 22 46 247 132 37 183 241 10
48 85 110 217 60 242 77 153 183 171 112 178 88 64 218 155 46 125 22 165 154 152 213 26 22 201 165 106 244 253 192 101
178 181 122 201 24 210 55 22 150 123 80 123 222 67 95 183 172 97 152 154 241 180 249 244 52 142 197 164 148 167 8 140
51 184 90 107 18 192 51 26 178 123 208 67 223 97 79 247 172 64 164 26 209 148 97 148 34 174 231 36 119 215 133 128
178 85 126 217 58 250 15 155 182 123 80 82 216 97 219 155 172 110 144 129 209 152 211 176 18 206 165 162 240 207 0 77
179 186 123 233 18 192 70 51 134 123 84 211 207 67 79 247 172 65 172 30 117 164 81 149 20 174 231 132 39 183 228 12
179 187 123 105 27 192 119 54 178 251 212 219 223 65 95 183 172 78 172 90 177 48 113 149 50 206 199 148 165 151 245 30
167 187 155 33 211 64 95 54 224 123 85 215 199 113 95 183 172 69 172 74 117 224 48 149 50 174 211 4 37 182 165 26
49 1 78 216 62 242 45 155 181 171 112 154 240 96 90 155 110 251 18 133 186 144 207 26 86 201 165 226 246 238 128 229
178 188 126 139 23 80 86 55 148 251 17 243 159 99 95 181 236 68 172 14 117 164 209 156 20 206 231 44 229 144 64 206
178 181 122 201 26 218 119 22 150 251 80 83 222 67 95 183 172 96 152 155 209 156 217 212 20 238 133 164 134 247 72 14
161 232 79 170 23 225 70 35 128 235 23 147 167 80 205 180 220 196 172 94 101 32 64 157 12 173 231 40 101 184 227 192
49 5 110 200 44 235 237 153 180 107 112 58 88 132 222 215 110 124 187 161 155 144 223 146 22 201 197 226 240 207 128 101
179 177 122 201 26 192 63 6 150 123 80 123 222 99 95 247 172 97 152 155 245 148 217 213 4 238 231 165 150 183 156 12
167 186 179 161 211 64 71 39 224 123 213 199 7 81 223 183 172 69 172 74 101 96 48 149 18 46 243 4 5 150 229 26
48 85 110 217 58 250 53 154 181 251 80 26 218 97 219 155 44 122 24 133 210 144 217 248 22 200 133 226 240 239 0 229
163 168 123 137 147 192 70 35 228 123 213 211 143 65 79 247 164 69 172 90 125 32 112 149 22 174 231 4 39 147 225 10
159 175 184 193 160 137 161 215 228 92 104 11 64 45 22 247 39 85 234 161 153 248 247 215 242 252 213 197 55 199 24 46
49 5 110 218 60 250 37 155 183 171 112 58 208 192 90 155 110 120 24 183 154 152 221 26 229 217 165 106 250 255 192 231
32 118 79 59 31 114 94 8 17 179 23 208 246 112 207 190 220 232 20 30 118 32 73 190 13 203 167 59 172 252 198 215
176 228 79 59 30 114 86 3 19 251 23 194 246 112 207 180 76 226 148 31 101 40 64 188 12 234 167 56 160 252 194 199
48 116 79 59 30 114 76 24 145 171 17 240 214 80 203 152 108 72 20 167 114 136 193 190 4 139 167 58 236 252 196 199
179 186 123 75 19 192 50 54 182 122 212 227 207 1 95 247 172 69 164 90 117 226 49 149 34 46 247 132 37 151 181 12
176 116 111 153 94 114 78 26 177 235 17 82 150 96 203 148 76 214 28 150 101 132 193 252 22 202 131 42 194 232 66 207
179 59 123 97 25 200 131 190 160 122 84 203 207 7 95 247 172 65 161 83 209 240 115 148 51 46 231 165 55 215 157 44
177 184 94 139 22 224 86 55 180 251 17 243 143 67 223 181 236 65 172 15 113 164 209 221 20 238 231 45 103 144 217 78
49 53 78 217 29 242 69 153 149 171 48 48 208 64 218 153 110 108 28 183 146 152 209 58 20 201 165 106 252 252 192 247
176 252 111 57 30 114 86 19 147 251 17 211 150 113 207 180 108 102 20 158 117 136 193 188 4 138 167 40 224 228 192 199
183 187 123 107 83 192 115 182 224 122 213 203 207 17 223 247 172 69 165 74 117 224 49 149 50 174 211 148 53 215 245 10
49 1 108 216 60 242 109 155 181 171 112 26 208 192 90 155 110 123 26 183 154 144 221 26 22 201 165 234 244 254 192 245
176 181 110 201 26 242 61 146 182 123 80 26 218 97 95 159 44 114 144 151 241 144 217 244 22 200 197 224 208 239 8 205
49 21 78 217 58 242 69 153 149 171 112 48 208 96 74 155 108 124 28 165 146 152 209 58 20 201 165 106 252 254 192 229
49 0 110 155 28 250 77 153 183 171 48 50 114 192 88 152 110 253 20 167 146 144 197 26 7 201 165 106 226 248 192 231
179 187 91 107 19 192 82 38 160 122 213 195 207 17 95 247 172 69 164 90 213 226 112 149 34 46 247 164 39 151 181 8
177 53 98 200 40 233 169 153 182 10 112 170 72 4 30 215 46 126 59 161 155 146 223 192 114 217 85 226 241 199 128 37
25 71 76 204 61 178 212 137 182 155 91 184 184 165 242 9 230 232 27 135 73 152 207 58 212 220 229 106 250 124 198 101
24 217 106 192 44 233 137 145 182 90 112 136 72 7 52 148 46 114 179 193 147 154 255 209 243 248 84 224 119 199 200 39
183 51 59 97 218 193 41 158 230 43 92 239 156 19 62 215 168 77 43 51 128 208 55 208 51 222 87 196 211 151 129 56
179 185 122 75 26 192 91 54 150 123 212 75 207 65 95 183 172 71 180 82 245 164 209 213 22 14 199 164 133 151 161 12
167 57 91 1 24 200 97 186 180 107 81 107 79 1 222 183 172 69 183 96 69 32 49 212 54 174 83 68 151 215 193 46
48 64 111 184 94 114 76 24 179 171 49 210 188 240 202 152 92 222 28 183 38 8 197 26 30 203 162 58 230 248 198 215
178 186 122 107 18 192 22 55 146 123 80 195 214 99 95 247 172 65 164 138 241 132 249 149 52 46 231 181 36 183 89 12
177 190 58 0 240 88 226 118 119 216 233 75 139 12 94 247 173 113 170 78 113 224 223 157 166 254 241 181 199 183 28 44
164 250 7 42 23 96 214 38 48 234 23 199 47 20 207 180 220 225 164 78 101 98 0 221 12 173 66 32 71 176 231 82
178 181 122 219 26 210 63 22 183 123 208 75 218 99 95 247 44 113 144 159 177 156 217 244 22 206 165 181 198 167 28 140
28 143 128 68 160 9 161 229 116 84 234 41 73 141 22 197 39 240 251 128 153 154 254 161 232 189 245 225 61 103 25 39
24 4 78 254 39 51 214 9 17 247 187 128 250 230 131 32 102 228 208 156 109 12 200 188 12 137 228 123 238 120 66 215
167 184 123 99 211 192 162 50 242 106 85 195 143 81 223 247 172 68 172 26 85 32 114 149 54 46 243 149 37 183 181 12
247 189 51 251 1 80 43 20 27 51 18 121 198 83 253 23 152 15 116 123 210 247 51 227 41 67 14 181 137 49 226 12
204 250 195 187 54 183 94 39 157 141 55 199 195 240 237 183 81 39 148 110 46 103 24 207 4 33 158 168 67 160 247 197
180 174 156 64 226 104 178 230 116 76 237 139 8 45 86 247 231 113 234 239 9 72 222 245 254 252 213 245 135 166 29 44
167 184 155 1 210 200 75 98 228 122 213 251 15 89 95 247 172 80 165 26 117 32 56 213 166 174 211 132 5 151 189 24
165 56 223 0 214 196 66 171 238 169 197 215 141 81 238 255 88 79 167 107 7 99 38 222 18 160 91 12 23 214 219 42
179 185 59 203 82 192 18 83 167 106 208 115 222 105 223 247 173 80 172 190 229 160 125 149 150 142 227 164 164 183 29 136
179 180 115 253 19 208 62 32 27 35 146 80 214 65 249 43 200 71 80 191 240 87 116 237 53 43 134 183 76 176 162 216
127 23 185 64 250 20 163 222 111 12 108 126 216 191 98 219 35 57 122 59 250 216 47 82 242 214 61 215 154 207 28 184
179 186 123 171 19 64 70 55 146 122 84 227 199 17 95 247 172 65 172 90 85 228 113 149 16 46 231 149 37 183 245 12
167 186 187 169 211 68 86 54 162 250 21 231 7 16 223 181 172 69 172 74 101 96 49 213 6 46 87 12 71 145 229 90
177 57 122 66 44 201 137 154 134 90 88 235 64 7 20 223 168 104 43 225 208 150 251 208 243 252 85 226 87 215 73 41
49 21 110 222 62 243 37 152 181 91 208 24 114 193 75 154 166 248 18 129 152 152 207 56 20 204 161 106 188 255 64 237
49 17 78 218 58 242 101 153 149 251 80 26 210 98 75 155 110 122 24 151 208 156 203 60 4 137 164 106 242 253 128 229
183 186 59 235 19 64 122 54 146 122 212 195 143 65 223 247 172 65 164 91 81 228 113 149 48 46 243 133 103 151 181 10
48 5 78 219 58 250 13 139 183 171 112 50 208 224 234 154 110 125 20 151 146 144 215 114 6 201 164 234 250 254 192 229
49 21 78 216 58 242 109 139 151 171 112 154 208 96 122 155 110 126 26 135 154 144 199 184 22 201 165 226 244 238 128 229
49 5 110 88 60 251 37 153 151 91 208 152 82 97 91 153 174 112 144 133 241 152 221 56 36 204 165 98 244 255 64 237
48 213 110 216 58 242 53 154 149 107 112 88 218 96 219 159 108 118 144 159 243 148 211 246 4 201 132 226 240 239 0 245
49 17 78 218 58 242 37 153 149 219 80 24 210 98 91 155 238 122 24 151 208 156 219 56 4 201 164 226 238 252 192 245
179 186 123 107 19 80 114 54 130 123 84 235 71 65 95 247 172 65 172 78 117 228 113 149 36 46 231 133 101 182 245 138
163 186 127 169 22 64 222 51 176 250 149 195 143 39 95 181 236 97 172 30 117 38 153 253 20 174 199 60 71 178 229 94
183 187 176 64 242 200 179 230 228 90 204 235 79 9 94 247 165 113 170 10 185 176 127 213 178 60 209 149 23 151 61 40
48 4 79 153 94 114 76 9 145 175 51 208 240 240 234 152 78 222 20 183 2 0 197 186 6 201 130 58 228 232 194 199
176 149 106 216 58 242 45 16 149 123 240 88 208 99 89 147 44 101 16 135 208 156 221 180 21 205 164 226 204 172 8 205
56 20 78 254 35 178 62 0 17 243 178 16 242 224 73 43 236 254 80 158 244 140 192 45 13 169 164 59 108 60 160 213
163 186 27 1 83 200 79 34 132 122 213 211 199 1 95 247 172 69 172 90 53 32 112 213 34 47 195 4 101 151 161 14
57 5 106 206 44 171 205 152 178 122 112 8 90 134 14 156 46 120 179 241 211 154 207 17 83 218 101 234 240 223 128 101
163 186 31 171 23 96 86 39 128 234 21 195 143 2 223 245 236 64 164 30 101 102 64 157 4 47 231 57 101 176 253 74
176 54 110 185 30 114 86 29 145 251 17 208 182 99 75 180 76 243 28 158 117 12 201 188 20 139 162 58 236 248 206 199
33 188 82 191 51 18 62 32 25 243 147 80 178 113 217 43 24 135 80 142 182 71 160 111 29 35 174 55 76 48 226 212
160 228 78 187 94 114 78 67 17 255 55 146 182 112 79 180 92 214 20 30 103 44 200 252 12 201 130 59 192 168 74 215
167 250 155 0 210 72 187 98 228 90 213 215 15 121 223 247 172 80 168 106 181 32 56 213 178 174 211 148 7 151 189 24
48 180 70 220 51 242 46 0 149 243 178 16 210 97 89 43 44 255 16 143 240 156 208 44 21 137 165 162 236 44 32 213
167 186 187 0 211 64 187 102 204 90 213 223 143 121 95 247 140 81 169 90 181 96 62 213 178 110 211 149 5 151 156 152
158 246 183 117 195 18 54 52 75 177 30 244 245 89 33 43 24 207 68 31 50 255 37 111 40 27 2 23 40 32 163 210
183 186 123 233 19 192 119 62 160 251 84 67 223 99 223 247 172 65 140 30 245 228 113 148 20 46 231 165 231 150 181 138
48 1 78 218 58 242 45 137 149 171 112 24 216 96 251 153 46 127 16 183 218 144 215 58 70 201 164 226 208 255 192 245
49 1 110 218 60 250 45 27 149 171 112 26 208 96 122 157 110 126 16 135 146 144 223 114 70 201 133 234 228 254 192 101
17 1 78 220 62 242 45 137 181 139 112 154 176 224 106 154 230 251 18 165 170 152 207 26 214 217 165 234 246 236 192 237
48 85 110 217 58 242 37 155 181 251 112 26 218 97 219 147 44 122 24 133 242 144 219 248 54 200 133 226 240 239 0 229
49 1 108 220 60 250 109 153 181 139 112 26 48 192 234 153 230 251 26 183 154 152 221 26 87 205 165 234 244 252 192 253
49 21 78 223 60 242 37 137 183 171 208 184 176 224 106 155 238 106 26 165 146 152 195 58 21 205 165 106 252 124 192 237
49 21 78 221 58 242 69 137 181 171 208 48 152 192 250 153 238 108 22 183 146 152 209 58 85 205 165 106 252 252 192 255
48 1 108 206 60 250 109 153 182 139 208 58 120 192 234 152 230 105 18 179 155 144 207 18 70 157 229 234 178 221 192 237
179 184 122 73 18 208 102 18 146 123 80 227 215 67 95 183 236 64 188 142 241 164 249 149 16 142 231 164 231 182 192 14
179 58 122 107 17 192 99 190 178 122 208 235 207 1 95 247 172 65 164 74 17 224 115 149 50 46 231 133 55 215 221 12
179 57 122 201 24 200 75 158 148 123 80 203 206 71 95 247 172 65 163 195 209 148 243 148 52 174 231 165 119 215 152 44
49 56 74 75 18 240 54 154 144 123 208 115 223 99 95 183 172 64 128 205 241 180 233 20 36 143 231 36 247 215 129 165
179 187 91 107 19 192 82 38 160 122 213 195 207 17 95 247 172 69 164 90 213 226 112 149 34 46 247 164 39 151 181 8
178 176 122 137 23 208 86 55 151 251 16 243 151 67 95 181 172 100 188 30 113 244 209 156 20 142 229 44 228 144 64 222
179 184 123 193 18 192 82 50 182 122 80 195 207 1 95 247 172 65 172 74 245 160 113 149 22 46 231 164 37 183 245 12
176 181 110 201 26 242 61 146 182 123 80 26 218 97 95 159 44 114 144 151 241 144 217 244 22 200 197 224 208 239 8 205
17 5 76 222 62 250 37 153 183 171 80 58 48 192 120 152 230 120 26 181 154 152 223 26 229 221 165 234 186 252 128 239
156 239 152 64 160 137 161 230 118 84 234 137 73 141 22 215 183 240 250 128 157 122 254 161 236 189 213 209 61 39 61 39
56 85 174 80 252 91 33 90 245 76 224 154 48 251 106 216 111 81 24 132 178 200 205 26 183 134 177 70 166 238 28 175
49 17 78 218 58 242 101 153 149 251 80 26 210 98 75 155 110 122 24 151 208 156 203 60 4 137 164 106 242 253 128 229
177 187 59 202 82 64 195 118 182 90 208 243 207 8 95 247 173 112 172 26 177 176 127 149 130 174 227 181 37 151 61 12
179 176 58 73 82 224 22 83 166 122 212 115 222 105 223 247 172 80 140 174 245 128 221 148 150 140 227 164 228 215 29 136
183 187 59 105 27 192 87 38 160 123 212 219 223 97 95 183 172 68 172 74 117 160 112 149 50 78 199 148 165 150 181 14
179 186 59 169 19 192 70 55 162 250 213 227 135 0 223 247 172 69 172 94 117 224 81 149 4 46 231 28 71 145 245 74
183 182 147 117 3 82 42 36 91 51 30 245 244 81 49 43 24 143 64 239 128 87 48 109 40 59 14 23 8 48 231 87
160 250 15 40 23 96 214 38 176 234 151 195 175 16 223 247 220 225 132 78 101 32 72 157 12 45 198 48 71 176 255 70
179 185 122 89 26 192 127 18 150 123 80 91 214 99 95 183 236 65 144 214 213 128 241 212 23 14 135 228 198 150 201 140
163 187 59 10 83 64 43 118 132 90 212 219 143 121 95 247 172 81 168 90 245 96 63 213 182 46 195 149 5 151 140 156
163 184 123 227 210 192 98 50 242 123 212 195 134 65 95 247 172 68 168 91 85 160 114 149 54 46 247 149 37 183 165 12
179 180 115 93 19 242 62 32 31 243 146 80 214 97 249 43 200 15 16 191 240 87 240 109 53 43 134 183 76 176 162 192
126 23 185 116 250 21 161 222 111 12 108 254 208 159 226 218 35 57 122 59 187 216 111 82 242 150 189 215 154 207 28 184
229 56 223 1 208 196 66 42 236 123 133 215 135 81 255 252 92 7 167 74 7 34 38 198 50 166 211 12 17 214 195 42
224 248 68 154 53 255 78 35 157 221 49 134 35 146 77 181 17 171 177 222 122 103 154 231 4 97 140 160 65 161 162 87
175 190 185 64 226 73 178 246 100 80 205 203 11 12 151 247 167 112 235 10 109 104 31 245 238 188 213 209 87 151 61 40
167 251 155 64 82 64 187 98 228 90 213 211 143 105 223 247 172 80 172 10 181 32 56 149 178 174 211 148 7 151 189 8
55 7 184 208 248 218 41 216 247 28 224 58 16 171 122 219 39 125 58 179 154 216 247 18 243 214 181 198 182 207 28 188
179 185 19 1 210 192 75 98 228 122 212 251 143 65 95 247 172 80 165 26 117 32 59 149 166 174 211 132 21 151 169 8
183 252 51 121 211 80 126 52 91 35 22 209 150 81 249 35 140 70 68 62 228 103 52 173 61 43 131 151 12 180 165 156
163 168 123 137 147 192 86 51 230 123 213 211 143 1 79 246 172 69 172 90 101 32 113 149 22 174 231 132 39 151 229 8
167 190 55 125 83 82 62 36 9 243 23 208 182 113 201 35 156 134 64 14 244 79 36 173 29 43 130 23 12 48 162 208
163 187 115 73 18 192 91 50 130 123 212 227 207 67 223 183 140 65 164 10 113 32 49 197 50 15 195 164 133 214 237 4
25 7 108 204 63 179 229 141 182 203 202 152 186 196 162 8 214 184 90 149 200 24 206 24 217 220 165 234 190 92 194 231
57 1 76 159 28 187 77 153 181 171 192 48 48 224 104 152 230 172 22 165 146 152 197 26 69 217 165 106 250 120 192 231
25 17 108 221 62 250 44 153 181 139 114 144 112 192 240 11 162 234 18 165 186 152 223 26 87 157 165 234 254 109 128 253
56 64 79 188 94 50 76 8 179 171 49 210 188 240 234 152 222 206 20 183 38 8 197 26 23 207 162 58 230 104 198 223
151 191 184 192 224 217 177 247 118 92 232 43 65 13 22 247 167 116 234 202 153 248 191 213 242 60 85 213 21 167 61 46
178 187 122 235 16 200 71 23 146 122 80 227 198 67 95 247 172 65 188 154 213 180 217 149 20 14 231 181 167 183 124 12
183 185 123 65 80 192 75 34 228 123 213 219 143 65 95 183 172 68 164 75 81 160 51 149 50 238 211 132 5 151 161 8
177 5 98 200 40 233 169 153 182 10 248 168 8 4 62 223 238 106 59 161 155 146 223 194 114 221 85 226 249 199 128 45
177 5 108 200 44 235 237 153 182 43 112 56 8 4 254 221 230 106 187 163 155 152 223 146 118 205 229 226 248 207 192 109
179 186 123 75 19 192 50 54 182 122 212 227 207 1 95 247 172 69 164 90 117 226 49 149 34 46 247 132 37 151 181 12
167 186 247 33 211 64 122 50 226 251 212 115 207 81 95 183 140 77 164 90 117 96 49 213 18 206 67 4 135 183 165 26
24 5 108 220 61 179 37 153 181 91 240 24 114 195 3 138 231 248 90 151 152 156 207 56 229 220 161 106 188 108 64 239
204 250 195 187 54 183 94 39 157 141 55 199 195 240 237 183 81 39 148 110 46 103 24 207 4 33 158 168 67 160 247 197
178 53 108 203 59 226 213 154 180 251 80 218 218 37 223 159 174 108 187 146 221 152 211 244 53 140 197 226 242 223 0 125
49 69 106 222 56 251 53 9 181 123 96 24 82 224 203 147 110 246 80 133 150 152 219 178 4 200 164 226 224 110 128 229
225 188 82 191 19 18 62 32 25 243 147 80 243 241 89 43 24 135 80 222 246 101 160 47 13 35 174 55 76 48 226 212
176 248 122 203 18 208 22 55 150 123 80 83 214 67 223 183 172 65 128 142 241 140 209 244 36 46 197 165 196 231 24 12
176 117 106 219 24 250 71 19 149 235 112 112 210 64 223 183 108 126 20 151 210 148 213 240 4 201 132 234 130 239 64 103
167 184 59 3 18 200 74 50 198 122 85 211 135 83 95 183 204 69 164 94 69 98 49 197 54 46 215 133 7 151 217 8
24 14 76 159 13 43 220 139 16 243 155 146 123 164 131 8 230 232 158 196 101 40 192 40 77 189 229 106 119 220 192 247
179 185 90 200 90 218 59 2 148 123 208 91 206 97 79 151 236 83 144 210 213 132 206 149 50 207 195 164 229 191 136 13
48 80 111 153 94 114 76 26 177 235 49 82 190 224 203 152 78 222 28 151 103 128 193 152 6 202 162 106 226 232 194 199
49 5 104 218 60 250 101 153 151 219 208 152 82 225 219 159 166 120 18 135 248 152 219 184 20 205 165 226 252 253 192 237
56 65 100 222 60 179 12 137 147 171 80 24 122 194 249 152 238 235 26 183 235 157 218 26 229 25 164 234 248 56 192 197
25 21 110 92 62 250 37 153 151 219 208 152 82 225 91 152 238 248 16 133 209 152 221 56 100 220 165 106 252 254 64 239
152 23 56 207 41 43 133 221 22 82 250 8 88 14 19 11 34 250 122 129 216 156 251 32 233 216 228 243 250 69 76 103
49 5 106 217 60 242 125 153 149 251 208 24 218 227 91 153 174 122 24 151 240 156 221 56 86 77 165 234 188 254 192 221
167 191 144 64 242 200 179 230 100 90 204 203 75 13 94 247 165 112 170 10 189 240 63 213 226 62 209 149 21 151 61 40
49 21 110 92 62 242 45 24 151 219 208 184 208 97 74 153 238 120 16 133 240 152 237 56 114 206 165 102 172 222 0 237
179 185 90 203 16 200 19 50 164 123 80 211 199 65 95 183 172 64 168 75 209 176 114 149 50 110 231 132 37 183 161 8
177 48 126 139 30 242 78 23 149 251 208 210 222 98 95 183 108 113 156 159 113 140 217 252 4 202 132 104 226 250 192 230
25 14 76 159 13 43 220 137 20 243 31 144 107 166 135 12 230 236 183 84 93 40 192 40 77 220 229 106 247 221 193 119
179 185 122 216 16 250 55 147 151 123 80 91 82 65 95 183 172 96 152 159 209 152 219 148 52 172 165 228 180 182 129 13
167 184 179 33 208 68 194 114 106 58 85 247 143 92 109 182 200 81 165 90 1 162 41 213 162 46 83 149 1 151 255 8
92 69 236 84 236 187 33 152 247 45 106 184 48 211 32 72 99 221 82 161 154 216 231 26 251 212 57 78 186 78 16 63
179 186 91 203 18 200 95 38 128 122 212 203 199 1 95 247 172 68 172 26 117 176 81 149 6 47 195 132 101 151 161 142
160 250 15 40 23 96 214 38 176 234 151 195 175 16 223 247 220 225 132 78 101 32 72 157 12 45 198 48 71 176 255 70
49 21 78 221 62 242 101 137 183 171 208 56 176 224 122 155 238 108 30 165 146 152 195 58 21 205 165 106 252 252 192 237
49 69 106 222 56 251 53 9 181 123 96 24 82 224 203 147 110 246 80 133 150 152 219 178 4 200 164 226 224 110 128 229
48 64 111 184 94 114 76 10 177 235 51 210 190 240 203 152 76 214 28 151 103 0 193 28 14 203 162 58 226 232 198 199
49 65 110 202 56 250 45 155 180 235 112 26 90 64 223 159 110 119 146 179 211 144 223 16 70 200 228 234 178 207 128 229
51 185 122 107 18 192 51 26 162 123 208 75 223 96 79 247 236 64 164 8 241 144 225 148 34 174 231 44 119 215 133 128
98 168 64 154 52 253 14 35 157 81 19 7 67 146 77 191 25 43 161 222 88 119 154 97 4 97 12 160 65 161 163 85
204 250 66 155 54 189 78 35 157 13 51 7 67 176 173 183 83 35 148 110 46 103 24 231 68 33 158 168 69 168 183 197
49 81 110 216 62 242 109 155 181 235 112 26 210 224 218 155 110 123 24 133 178 144 221 152 38 201 164 226 240 238 128 229
179 33 104 217 60 242 93 155 183 219 80 186 211 99 206 151 164 104 10 148 120 184 217 152 22 204 165 226 246 214 132 253
49 65 110 216 58 250 37 155 183 171 112 58 208 64 218 155 110 122 24 151 146 152 221 80 68 200 164 106 242 239 192 231
176 245 106 219 16 242 71 19 149 251 80 82 210 64 223 183 44 118 20 159 209 156 209 244 4 202 133 160 130 239 72 103
181 184 155 72 144 202 58 38 230 123 84 247 141 97 94 247 172 69 132 10 53 160 114 149 38 47 247 132 7 183 177 9
178 181 106 201 26 242 63 146 150 123 80 123 222 99 95 183 172 98 152 155 241 156 217 244 20 206 197 164 208 231 8 141
178 177 110 72 90 250 123 2 148 123 208 90 222 97 79 151 236 115 144 210 213 132 222 149 54 207 193 164 164 191 128 77
167 184 59 3 18 200 74 50 198 122 85 211 135 83 95 183 204 69 164 94 69 98 49 197 54 46 215 133 7 151 217 8
241 189 115 219 0 216 43 50 15 115 18 113 70 66 221 23 152 15 117 91 208 247 50 225 41 75 14 181 137 185 163 0
178 187 122 235 16 200 71 23 146 122 80 227 198 67 95 247 172 65 188 154 213 180 217 149 20 14 231 181 167 183 124 12
167 187 155 33 211 64 95 54 224 123 85 215 199 113 95 183 172 69 172 74 117 224 48 149 50 174 211 4 37 182 165 26
183 55 123 97 9 201 193 146 226 122 216 235 76 7 60 215 168 76 167 195 208 146 119 129 179 222 119 102 251 215 85 42
179 186 123 107 19 192 115 38 164 122 212 99 207 49 95 247 172 69 164 122 213 226 48 149 34 110 247 132 39 151 181 8
178 53 126 217 26 250 31 147 151 123 80 82 222 97 91 187 172 110 144 137 209 156 211 180 16 206 165 162 210 239 0 77
156 143 144 64 160 155 177 230 116 84 106 139 73 141 22 247 39 112 218 128 191 120 222 161 248 253 213 209 61 111 60 175
163 184 123 227 210 192 82 50 240 123 212 67 135 65 95 247 172 68 168 27 213 160 114 149 50 46 247 149 37 183 165 12
113 153 122 203 48 216 47 18 165 123 80 115 67 97 223 183 172 100 156 18 245 176 113 212 38 142 199 164 135 247 128 136
177 56 122 203 16 200 107 190 150 123 208 251 207 67 95 247 172 65 176 154 209 180 243 212 48 110 231 165 87 215 216 44
163 190 151 61 83 82 126 36 9 243 19 208 182 113 201 35 24 134 64 30 180 111 32 109 29 43 162 23 12 48 162 214
183 252 51 121 211 80 126 52 91 35 22 209 150 81 249 35 140 70 68 62 228 103 52 173 61 43 131 151 12 180 165 156
179 59 123 97 25 200 195 190 162 122 84 203 207 7 95 247 172 65 161 91 209 240 115 148 51 46 231 165 55 215 157 40
163 186 59 171 19 192 86 55 178 250 213 227 199 1 223 247 172 69 172 90 117 224 113 149 18 46 231 156 71 145 245 78
49 64 74 84 120 250 48 136 179 139 224 24 248 224 91 219 175 248 18 179 187 152 206 26 231 141 161 106 252 127 0 245
167 186 247 33 211 64 122 50 226 251 212 115 207 81 95 183 140 77 164 90 117 96 49 213 18 206 67 4 135 183 165 26
231 56 255 1 208 196 66 42 236 43 133 215 143 81 239 252 220 7 167 122 71 34 38 199 50 166 211 12 1 214 211 42
25 80 78 220 62 186 112 137 181 203 208 152 250 224 203 219 239 250 146 177 154 152 222 26 4 201 161 234 244 253 0 245
49 5 108 218 56 250 37 153 151 219 208 24 82 65 91 159 174 120 18 151 248 152 219 176 84 205 165 226 188 253 192 237
183 182 147 53 195 82 170 52 91 51 30 244 245 88 49 43 24 207 68 15 178 255 33 111 40 91 6 23 40 32 167 82
231 248 155 35 146 192 35 166 244 123 113 103 199 80 95 183 172 69 189 11 151 224 50 215 34 174 215 148 23 167 177 4
49 17 78 218 58 242 37 153 149 219 80 24 210 98 91 155 238 122 24 151 208 156 219 56 4 201 164 226 238 252 192 245
51 144 118 93 51 242 62 32 13 243 146 80 214 97 217 43 216 7 0 191 244 87 176 109 53 43 132 183 76 48 162 192
178 185 122 89 26 250 127 146 151 251 80 91 222 99 95 183 236 97 16 214 213 128 249 212 23 14 133 228 196 150 200 5
49 1 78 159 28 250 77 153 181 171 144 50 112 192 88 152 238 237 20 167 146 152 197 26 71 205 165 106 242 120 192 231
177 5 98 200 40 233 169 153 182 10 248 168 8 4 62 223 238 106 59 161 155 146 223 194 114 221 85 226 249 199 128 45
177 5 104 200 44 235 233 153 182 43 112 56 8 4 126 221 230 106 187 243 155 152 223 146 118 205 69 226 248 207 192 109
179 181 126 73 90 232 22 83 167 122 208 115 222 105 223 247 173 80 140 142 245 128 221 148 150 140 225 164 228 214 24 136
17 1 110 220 62 242 45 137 181 139 112 154 176 192 122 152 230 251 26 165 154 152 207 26 214 217 165 234 244 236 128 237
151 191 184 192 224 217 177 247 118 92 232 43 65 13 22 247 167 116 234 202 153 248 191 213 242 60 85 213 21 167 61 46
48 65 110 218 60 242 45 137 150 171 80 26 90 194 217 155 110 107 24 183 243 156 219 24 101 13 164 106 244 191 192 205
16 209 70 216 60 250 61 131 149 235 80 26 218 226 219 153 110 123 26 177 213 157 219 25 85 73 164 234 244 189 128 95
55 7 184 208 248 218 41 216 247 28 224 58 16 171 122 219 39 125 58 179 154 216 247 18 243 214 181 198 182 207 28 188
49 64 110 153 92 114 92 27 177 235 49 82 158 96 203 152 110 223 28 151 70 128 193 152 6 202 162 106 226 200 194 199
200 200 68 158 53 190 78 33 157 141 115 134 34 176 179 104 83 187 221 236 79 71 8 223 76 49 140 168 65 40 242 199
143 191 152 64 224 73 178 230 100 80 205 203 11 12 23 247 135 112 235 10 109 104 31 229 254 188 213 209 87 151 61 40
163 186 31 169 19 64 214 39 160 250 149 227 143 32 223 245 236 69 172 30 101 96 17 157 4 110 199 24 71 176 245 74
152 23 56 207 41 43 133 221 22 82 250 8 88 14 19 11 46 250 122 129 217 156 251 32 233 216 228 243 250 69 72 103
167 189 59 59 11 84 107 48 73 51 22 93 198 83 252 55 140 6 97 122 214 231 49 231 25 110 183 149 9 149 164 26
25 1 100 221 62 186 44 153 181 139 112 16 80 192 242 9 226 234 18 165 154 152 223 26 87 221 165 234 254 109 192 125
163 168 123 137 147 192 70 35 228 123 213 211 143 65 79 247 164 69 172 90 125 32 112 149 22 174 231 4 39 147 225 10
127 7 185 64 234 21 163 222 111 12 108 126 216 191 226 211 35 49 250 59 190 216 111 86 242 214 189 215 154 207 28 184
179 185 122 89 16 248 54 130 151 123 80 91 86 65 95 183 172 96 152 158 213 160 219 149 52 172 165 164 53 183 129 12
167 184 27 19 147 192 90 50 196 122 21 243 135 81 93 183 172 69 164 78 85 224 49 197 51 46 151 149 71 182 253 0
167 185 123 139 144 204 235 50 244 43 80 71 14 81 255 247 172 7 169 250 215 82 54 215 50 238 215 133 23 183 160 10
152 6 12 94 45 178 68 217 182 219 211 176 122 194 145 136 231 248 90 135 88 136 223 184 205 220 161 234 254 92 72 239
72 192 68 158 53 191 94 33 157 141 115 144 50 224 203 160 83 187 147 172 111 79 154 219 76 65 140 170 200 40 226 199
49 1 78 223 60 250 77 153 183 171 208 50 112 192 120 152 230 237 22 183 146 152 197 26 71 205 165 106 242 120 192 231
25 1 78 222 60 186 61 153 181 139 112 58 216 224 122 152 238 121 18 183 154 152 207 26 198 217 164 234 242 236 128 245
176 181 122 201 26 242 77 147 148 251 208 242 222 97 95 151 172 100 4 129 241 148 209 244 20 206 197 160 208 231 64 77
17 1 108 222 60 250 61 153 183 139 80 58 208 224 250 136 238 185 26 180 154 152 199 26 87 205 165 234 242 124 192 237
183 250 59 74 210 64 222 118 230 74 212 83 207 57 255 247 172 80 168 122 197 160 60 151 182 174 211 149 5 183 189 8
160 250 79 40 22 96 70 38 144 235 23 195 167 80 223 244 204 225 164 78 101 32 64 157 4 45 231 185 103 176 255 196
167 186 31 169 23 64 214 39 160 234 149 231 143 48 223 245 236 69 172 30 101 96 16 149 4 238 87 24 71 176 229 74
156 239 152 64 160 9 177 230 118 68 238 139 73 141 22 247 39 112 218 136 61 120 222 165 252 189 213 209 63 167 29 45
95 135 184 70 168 13 177 212 102 20 104 45 81 175 50 73 35 56 235 160 187 154 191 99 248 148 29 195 186 87 29 168
48 1 108 220 62 250 45 137 181 139 112 154 184 192 122 152 230 251 26 181 154 152 207 26 215 221 165 234 244 236 128 253
179 186 123 139 18 192 86 55 178 251 212 227 199 64 223 247 172 69 172 94 117 160 81 149 6 46 231 189 103 145 253 76
247 191 19 119 3 82 43 36 27 51 26 117 212 81 185 35 152 143 84 107 146 215 48 231 57 107 6 151 8 48 167 12
16 65 110 206 60 250 45 153 182 139 208 58 120 224 250 152 230 233 146 161 155 144 207 18 70 141 229 234 178 221 192 237
163 59 127 41 73 192 193 154 240 123 213 235 207 23 78 151 236 69 183 83 85 224 83 148 19 206 103 68 183 215 197 46
177 5 104 200 44 235 169 153 182 11 112 40 8 4 126 221 230 106 187 243 155 152 223 210 114 205 69 226 248 207 192 109
167 190 55 125 83 82 62 36 89 243 22 208 246 113 217 35 156 198 64 190 244 79 36 173 61 43 131 23 12 48 162 216
179 57 122 201 24 200 75 158 148 123 80 203 206 71 95 247 172 65 163 195 209 148 243 148 52 174 231 165 119 215 152 44
178 187 122 235 16 200 71 23 146 122 80 227 198 67 95 247 172 65 188 154 213 180 217 149 20 14 231 181 167 183 124 12
32 64 79 56 94 114 78 10 49 239 55 210 190 240 203 152 92 222 28 22 102 0 192 28 14 203 162 58 224 232 198 213
179 33 104 217 60 242 93 155 183 219 80 186 211 99 206 151 164 104 10 148 120 184 217 152 22 204 165 226 246 214 132 253
176 21 122 193 8 233 161 144 182 122 216 168 72 5 158 213 232 110 187 193 208 154 243 224 240 252 85 226 59 215 72 47
49 5 76 222 60 250 37 153 181 171 80 58 176 192 106 153 238 120 90 183 154 152 221 26 229 217 165 106 250 252 192 239
49 65 78 220 122 186 112 136 181 235 208 24 250 224 219 219 239 250 146 179 158 152 222 26 132 205 161 234 244 255 0 245
0 160 64 218 52 234 78 35 159 89 81 146 67 2 221 191 25 43 163 200 120 119 154 97 4 73 140 160 65 179 162 85
179 184 122 73 16 208 119 50 146 251 80 99 222 67 95 183 172 65 152 155 209 180 249 213 16 206 231 36 230 183 64 14
178 241 106 217 26 250 63 130 151 251 80 91 222 99 223 183 236 99 16 214 213 128 217 212 55 14 133 224 196 182 192 5
177 57 122 203 16 200 59 174 150 123 208 219 206 67 95 247 172 65 176 155 209 180 243 212 48 110 231 165 87 215 217 44
179 53 106 201 90 242 87 211 183 250 208 114 222 105 223 255 173 112 12 158 241 152 221 148 150 140 161 160 164 214 89 236
183 185 155 88 144 202 50 38 244 127 80 119 199 65 94 247 172 69 148 10 53 160 114 213 38 175 215 132 7 183 177 9
200 200 68 158 53 190 78 33 157 141 115 134 34 176 179 104 83 187 221 236 79 71 8 223 76 49 140 168 65 40 242 199
184 101 108 253 45 186 69 157 182 218 218 184 250 7 144 137 230 248 90 151 72 152 203 24 217 220 165 107 254 92 76 127
51 153 122 203 56 216 29 18 167 91 80 123 211 224 223 151 172 100 24 150 245 176 241 212 38 142 199 224 198 223 128 168
76 218 68 155 54 191 78 35 157 13 57 7 67 144 189 181 83 163 149 126 14 103 24 231 68 33 142 168 65 168 182 197
178 241 106 202 90 242 123 130 151 251 208 90 218 97 95 255 172 115 146 146 245 144 205 21 167 143 225 38 180 175 8 157
177 177 122 200 25 208 111 54 151 123 80 218 214 67 95 183 172 74 176 219 208 156 243 148 48 238 229 166 38 183 128 28
48 21 110 201 8 234 133 154 182 122 80 122 222 37 78 222 236 108 179 147 209 156 195 241 16 206 197 110 211 207 0 45
179 186 123 75 19 192 50 54 182 122 80 99 207 1 95 247 172 65 172 90 245 160 113 149 34 46 231 165 37 183 189 12
25 17 108 221 62 250 44 153 181 139 114 144 112 192 240 11 162 234 18 165 186 152 223 26 87 157 165 234 254 109 128 253
143 191 152 64 160 73 178 230 100 64 205 139 75 13 23 247 167 112 235 46 109 104 31 229 254 252 213 241 23 183 61 32
92 69 236 84 252 187 33 152 247 45 98 184 48 195 32 88 99 221 26 165 154 216 199 26 251 212 49 78 186 78 16 47
230 248 211 26 211 212 94 34 237 13 101 215 135 112 253 247 25 5 133 126 110 103 16 215 6 35 30 133 3 162 191 144
167 185 123 139 144 204 235 50 244 43 80 71 14 81 255 247 172 7 169 250 215 82 54 215 50 238 215 133 23 183 160 10
167 184 19 32 210 64 234 114 248 122 213 255 143 89 78 183 156 17 161 91 5 34 41 213 162 110 83 149 7 151 191 8
167 184 59 19 146 192 90 50 196 122 21 83 7 81 93 183 236 69 164 78 85 226 49 197 55 46 151 149 71 182 217 0
49 17 78 218 58 242 101 153 149 251 80 26 210 98 75 155 110 122 24 151 208 156 203 60 4 137 164 106 242 253 128 229
163 184 123 227 210 192 98 50 242 123 212 195 134 65 95 247 172 68 168 91 85 160 114 149 54 46 247 149 37 183 165 12
179 185 122 73 16 216 54 34 150 123 80 91 70 65 95 183 172 64 168 158 213 160 243 149 52 172 231 164 101 183 129 12
167 189 59 59 11 84 107 48 73 51 22 93 198 83 252 55 140 6 97 122 214 231 49 231 25 110 183 149 9 149 164 26
236 234 205 186 87 54 94 102 41 229 55 151 231 240 201 34 81 135 212 94 47 101 0 223 12 161 142 29 7 168 179 209
179 185 122 203 16 200 19 50 180 123 80 83 206 65 223 183 172 64 160 75 209 176 114 149 50 238 231 164 37 183 161 8
126 23 169 116 242 20 161 220 103 28 108 122 176 159 98 218 35 57 26 179 190 216 111 82 242 150 185 215 146 207 28 172
183 184 251 59 147 68 122 178 74 115 20 119 143 83 93 183 140 68 165 42 117 226 49 228 39 46 147 149 67 151 133 8
238 250 141 58 19 22 94 102 41 229 55 151 231 240 201 35 17 135 212 30 47 103 0 223 12 161 142 29 5 168 183 208
229 184 51 117 3 80 46 36 75 49 26 149 180 91 177 43 24 143 64 237 128 95 48 111 56 51 14 23 8 48 227 17
78 207 144 70 160 141 161 228 100 0 206 45 75 140 183 71 179 178 235 224 203 187 190 99 232 180 85 241 59 23 189 33
27 135 32 86 32 59 177 205 21 82 202 8 114 173 17 9 38 248 90 128 250 152 254 32 237 149 165 243 188 63 168 181
35 160 64 219 0 252 14 35 159 115 18 81 67 82 221 191 25 47 161 218 216 119 146 225 32 105 14 160 65 185 227 68
177 59 123 97 73 201 225 154 178 122 216 235 206 7 222 215 236 73 183 67 17 146 115 145 51 206 103 100 243 215 213 46
51 33 104 201 56 240 29 155 167 91 80 123 211 224 223 151 172 100 8 150 253 176 241 208 22 140 197 224 246 222 196 169
32 64 79 56 94 114 78 10 49 239 55 210 190 240 203 152 92 222 28 22 102 0 192 28 14 203 162 58 224 232 198 213
100 248 68 187 53 191 78 39 157 140 49 135 34 178 189 253 83 163 157 126 14 71 24 111 68 33 140 169 65 40 246 215
200 192 68 158 53 191 94 33 157 141 115 148 34 176 251 168 83 187 211 255 79 71 154 255 76 113 140 170 74 41 242 197
176 181 58 193 82 208 67 211 182 90 208 243 215 73 95 247 173 113 156 139 241 176 253 148 134 172 241 164 180 215 92 173
48 1 108 220 62 250 45 137 181 139 112 154 184 192 122 152 230 251 26 181 154 152 207 26 215 221 165 234 244 236 128 253
228 248 149 154 147 86 94 39 45 197 55 151 199 112 249 35 17 7 132 12 39 103 16 223 12 35 158 145 65 160 179 210
95 133 184 230 168 9 177 212 102 16 104 44 80 175 50 75 35 48 235 160 187 154 191 35 248 180 61 211 186 87 13 171
176 248 79 40 86 112 70 6 145 235 23 211 158 82 207 180 204 193 148 30 101 36 193 220 4 173 227 56 71 248 218 207
188 167 188 64 226 27 162 198 119 92 108 139 24 15 118 254 39 113 218 158 191 88 254 246 254 156 149 213 190 239 28 173
49 113 110 219 28 250 77 155 183 235 112 18 90 64 218 149 110 127 20 151 18 144 193 152 7 200 164 106 226 232 192 103
25 1 76 222 60 186 45 153 181 139 80 58 216 224 122 152 238 121 18 181 154 152 207 26 70 217 164 234 242 236 128 229
176 61 122 201 56 232 141 154 148 123 208 219 90 69 223 151 172 102 179 131 209 156 211 244 52 172 197 228 215 199 72 45
48 1 108 206 60 250 109 153 182 139 208 58 120 192 234 152 230 105 18 179 155 144 207 18 70 157 229 234 178 221 192 237
177 5 98 200 40 233 169 153 182 10 248 168 8 4 62 223 238 106 59 161 155 146 223 194 114 221 85 226 249 199 128 45
230 234 133 185 214 118 94 99 105 229 39 151 167 240 237 244 81 133 141 124 46 103 0 223 14 161 26 25 5 168 127 210
230 248 209 26 211 212 30 34 237 13 101 87 135 112 253 247 25 5 133 14 110 103 48 215 38 35 30 133 5 162 191 144
176 29 58 197 32 233 161 153 246 58 216 169 64 5 52 221 40 118 170 225 208 154 247 224 241 188 85 224 59 199 89 47
92 69 236 84 236 187 33 156 247 45 106 184 48 211 32 72 99 221 90 183 154 216 231 26 251 212 57 78 186 78 84 63
167 186 155 64 82 64 158 98 228 90 213 211 143 105 223 247 172 80 172 10 181 160 56 149 178 174 211 148 5 183 189 8
167 248 27 97 18 212 34 178 244 59 113 199 11 81 223 183 44 69 173 75 151 112 51 215 34 174 87 149 23 183 176 4
179 184 122 233 82 192 114 50 240 123 208 83 150 65 95 183 172 68 176 95 245 160 211 149 54 238 247 149 101 183 165 12
176 181 122 203 16 242 71 23 151 251 80 83 214 65 223 183 44 118 156 159 209 156 209 245 4 202 133 165 195 239 72 69
48 69 108 93 45 186 69 221 182 202 154 56 120 143 144 9 231 248 94 147 88 152 207 56 217 220 161 107 252 72 76 127
167 184 179 3 208 64 242 50 250 42 85 247 207 84 95 183 140 81 165 90 33 162 49 213 162 46 83 21 1 151 255 8
167 184 27 17 147 192 91 34 197 122 21 243 135 81 93 183 172 69 165 10 53 224 49 197 19 46 151 149 71 183 253 0
25 4 76 84 127 186 48 136 181 223 226 8 186 229 3 201 231 250 218 181 233 157 206 56 253 221 161 234 252 125 2 253
48 84 78 155 30 114 76 25 149 171 49 16 216 96 218 152 108 94 20 133 83 128 197 254 6 201 128 106 232 232 192 199
179 184 123 72 18 192 58 50 132 123 84 251 223 97 95 183 172 65 168 26 53 164 113 213 18 238 199 132 167 182 161 136
183 184 251 59 147 68 122 178 74 115 20 119 143 83 93 183 140 68 165 42 117 226 49 228 39 46 147 149 67 151 133 8
24 5 108 220 124 186 49 153 181 223 226 24 240 227 2 74 103 248 90 149 152 156 223 56 209 220 161 234 252 109 68 253
49 5 110 222 60 186 37 153 183 251 208 24 82 193 75 152 238 248 16 151 208 152 205 48 100 204 161 106 188 254 64 253
24 5 108 220 60 186 53 153 149 219 208 56 122 227 83 136 230 248 90 149 216 152 205 56 213 220 165 234 252 124 64 253
177 21 42 221 56 186 141 157 183 122 216 32 82 7 19 159 174 114 88 133 145 156 249 176 216 157 165 243 188 119 76 111
244 81 70 152 28 246 12 26 247 175 97 63 16 80 250 155 216 14 17 167 2 17 21 90 38 193 18 160 194 198 146 71
183 184 123 67 210 192 122 50 246 123 213 243 143 65 95 247 172 84 164 122 69 160 51 149 54 174 83 132 133 151 169 8
177 183 90 238 3 146 55 84 147 114 82 72 254 5 31 167 172 240 208 154 245 156 217 181 44 206 229 183 169 55 132 149
100 113 71 152 122 246 45 10 183 175 101 191 144 112 250 159 216 14 17 55 134 17 20 218 6 197 15 164 128 238 146 197
238 234 141 184 83 22 94 102 41 229 55 215 231 240 201 34 85 135 85 94 47 101 0 222 13 161 142 29 7 168 51 208
230 248 211 26 211 212 94 34 237 13 101 215 135 112 253 247 25 5 133 126 110 103 16 215 6 35 30 133 3 162 191 144
79 207 144 68 160 141 161 228 100 64 222 45 75 140 183 71 179 178 235 224 201 187 190 227 248 180 93 209 59 23 189 41
90 71 0 94 35 187 177 196 21 82 218 8 114 173 17 11 38 248 90 136 254 152 254 32 237 149 173 243 188 63 172 183
206 234 133 187 215 54 94 103 105 165 39 215 167 248 237 100 81 133 141 124 38 103 0 223 14 33 26 25 65 168 255 210
92 69 236 116 236 179 33 156 247 13 106 184 48 147 32 72 99 221 90 179 154 216 231 26 251 212 57 78 186 76 20 47
95 1 251 100 250 133 49 216 234 28 108 108 188 191 32 74 43 25 35 161 250 217 63 82 243 214 59 198 154 79 29 184
200 200 68 158 53 190 78 33 157 141 115 134 34 176 179 104 83 187 221 236 79 71 8 223 76 49 140 168 65 40 242 199
177 5 98 200 40 233 169 153 182 10 248 168 8 4 62 223 238 106 59 161 155 146 223 194 114 221 85 226 249 199 128 45
231 184 27 163 16 208 35 166 244 107 113 103 199 80 95 183 172 69 157 42 151 160 50 215 34 174 215 148 7 183 177 12
184 101 108 92 45 186 69 157 182 219 219 184 250 6 145 9 230 248 90 135 72 152 207 24 205 220 165 227 254 92 76 127
48 117 232 209 254 243 105 217 247 237 224 186 112 75 74 219 47 121 26 133 184 152 221 24 150 204 177 106 254 207 88 45
167 191 51 49 11 84 107 20 25 51 18 253 135 83 252 39 76 79 100 91 146 247 49 231 41 75 6 151 137 48 164 14
179 184 122 201 18 208 114 18 247 123 208 83 150 65 95 183 172 68 176 223 213 128 209 149 22 238 229 164 100 183 133 12
27 33 104 219 62 242 93 155 183 219 80 186 211 96 219 151 164 96 10 132 120 184 217 24 23 204 165 226 246 214 132 253
163 186 123 59 19 192 127 186 138 115 20 111 207 83 93 183 172 68 165 42 113 178 49 229 35 42 135 149 87 151 133 10
244 39 189 80 234 114 179 222 119 28 104 154 184 31 102 254 103 121 90 211 159 72 238 214 250 150 177 215 150 206 28 173
94 199 184 70 168 29 177 220 110 20 104 45 81 175 50 203 35 48 234 160 187 248 191 226 248 148 29 211 186 7 61 168
176 249 66 218 24 226 15 131 158 251 16 219 218 66 223 191 172 107 147 195 209 215 251 101 101 11 196 160 84 179 225 71
225 168 18 158 1 93 14 32 15 53 31 149 102 82 177 35 89 131 192 237 214 87 48 231 104 33 14 177 8 48 243 64
176 116 110 155 94 114 78 25 151 235 49 208 222 96 218 156 108 94 20 133 115 132 197 252 4 137 128 106 192 232 64 199
177 53 110 203 56 242 101 154 183 251 208 154 218 65 95 159 236 112 144 147 241 152 219 176 54 206 229 226 180 255 192 173
179 186 27 11 83 192 94 34 128 123 213 211 199 33 95 247 172 68 172 90 117 160 80 213 34 47 195 132 101 151 129 10
176 85 106 219 58 250 69 27 181 107 112 48 210 64 223 151 108 126 20 151 210 144 213 240 4 201 132 234 130 230 64 101
244 241 70 18 92 246 44 26 247 47 97 255 148 80 254 159 88 6 16 167 2 147 21 218 38 65 26 160 192 230 146 5
48 65 108 206 61 242 13 153 180 171 96 56 152 224 250 11 238 175 82 183 186 144 207 26 7 201 228 234 242 72 192 245
185 55 58 124 58 114 183 20 177 122 218 200 210 33 83 183 174 112 88 143 177 156 217 180 188 158 165 243 172 118 12 173
163 187 91 105 19 192 91 50 132 122 213 243 207 1 223 183 140 71 164 10 85 32 49 197 50 46 195 132 5 151 229 10
183 185 122 193 16 200 59 50 182 123 80 91 207 65 223 183 172 68 164 74 209 160 119 149 50 174 227 132 37 151 161 14
244 241 194 208 120 254 41 2 247 47 96 59 0 80 254 223 88 7 16 183 131 147 21 210 38 193 26 228 128 239 146 37
177 183 42 219 32 187 197 21 183 122 216 104 82 5 21 151 174 112 88 151 209 152 217 176 208 222 165 227 236 101 72 47
244 241 207 90 122 246 124 10 183 175 97 255 152 112 250 151 88 4 16 183 163 0 21 222 6 65 154 164 130 238 154 197
56 69 110 252 46 50 197 220 147 170 26 24 250 173 227 152 238 248 90 167 209 136 203 56 220 220 165 123 236 92 72 237
240 240 122 75 80 240 102 18 144 45 112 207 204 112 222 247 104 71 176 155 147 134 69 215 38 106 210 164 195 167 22 5
176 117 110 218 24 242 13 18 151 123 208 120 218 65 94 159 108 126 152 183 144 156 223 244 6 200 133 226 192 239 0 101
176 247 46 250 26 50 150 20 147 250 242 232 222 6 215 246 111 241 216 159 113 220 217 180 140 220 164 243 232 106 28 199
90 71 0 94 35 187 176 196 21 86 218 8 114 173 17 11 38 248 90 140 190 152 254 32 237 149 173 243 188 63 172 183
206 234 133 187 215 54 94 103 105 164 39 199 167 248 233 100 81 133 141 124 38 103 0 223 14 35 26 25 67 168 127 210
94 7 249 100 233 133 33 220 234 20 108 108 189 191 32 74 35 29 107 179 154 219 47 82 251 214 59 198 186 75 17 58
24 5 108 220 124 187 49 153 181 223 226 24 240 227 0 72 39 248 82 149 154 156 223 58 217 220 161 234 248 109 68 253
24 69 236 116 252 179 33 152 247 173 226 56 56 195 32 88 99 253 26 183 154 216 207 26 251 212 177 106 186 78 84 45
94 199 184 68 168 29 177 212 111 20 108 45 89 175 50 219 35 48 106 160 187 250 191 226 248 148 29 211 186 7 61 186
238 234 141 184 83 22 94 102 41 229 55 215 231 240 201 34 85 135 85 94 47 101 0 222 13 161 142 29 7 168 51 208
176 240 66 203 24 250 15 138 156 251 80 83 218 66 223 191 172 107 16 211 208 151 216 240 4 107 197 160 84 215 192 69
177 185 122 201 16 200 99 146 150 123 80 91 74 65 223 183 172 64 184 218 209 144 243 149 52 174 229 164 117 183 192 12
177 177 122 74 16 192 38 146 182 123 208 243 222 65 95 183 172 80 176 155 81 176 211 149 38 142 231 164 181 183 128 12
176 177 58 201 82 208 83 83 182 122 208 243 214 73 95 247 173 112 172 154 241 176 253 148 150 172 227 164 52 151 93 136
229 189 19 117 1 84 42 36 11 55 30 117 84 83 185 35 24 143 80 105 192 87 48 225 56 99 14 183 8 56 163 1
167 185 91 1 83 192 90 50 196 122 149 247 135 81 220 183 156 69 164 10 37 98 49 197 50 46 211 132 5 151 229 8
78 143 176 68 160 141 177 228 110 4 222 45 73 140 182 71 147 176 235 224 143 63 190 227 248 53 92 209 59 23 191 40
230 248 211 26 211 212 30 38 237 13 101 87 135 112 253 247 25 5 133 126 110 103 48 215 38 35 30 133 1 162 191 144
97 80 71 19 94 242 94 10 181 171 65 83 148 112 234 152 220 12 20 183 2 0 68 94 22 207 3 44 198 222 194 207
49 21 110 237 42 178 205 156 145 242 146 200 218 101 91 159 108 250 80 151 209 152 201 188 156 205 229 243 252 124 76 237
180 246 143 139 222 114 206 71 117 174 33 195 156 116 254 245 92 22 156 191 35 0 21 222 22 73 210 61 194 224 218 135
240 240 75 75 88 242 102 18 149 47 96 255 156 112 254 247 104 7 152 191 147 130 69 215 38 67 218 164 194 231 82 5
180 241 71 88 88 240 3 18 223 47 240 123 196 80 254 247 88 71 144 143 83 147 23 214 38 67 146 164 131 231 146 5
48 87 110 120 44 50 197 29 145 250 26 200 154 165 211 156 238 248 88 183 209 136 201 184 156 220 165 123 236 108 72 239
246 241 243 203 80 216 39 18 255 45 96 127 84 81 254 247 40 71 152 171 211 147 117 215 50 70 155 164 128 231 24 12
49 21 110 220 56 242 13 153 145 243 82 152 242 65 91 159 238 248 80 151 208 152 207 184 28 204 165 226 252 124 192 237
176 117 122 255 25 242 55 16 147 123 82 104 210 65 221 39 44 198 16 159 209 156 209 180 36 203 164 183 232 101 0 69
177 55 106 236 40 122 173 156 183 122 250 72 82 7 94 215 109 240 80 135 145 220 217 176 156 204 229 227 188 105 24 109
48 23 106 223 40 186 133 149 145 114 218 136 82 36 17 159 174 242 80 147 208 152 219 176 140 221 165 243 236 125 200 101
182 240 122 203 210 242 86 22 212 47 96 123 220 112 254 247 44 69 144 191 243 144 21 215 6 67 218 165 194 167 88 132
225 249 7 147 56 248 136 139 167 43 81 59 130 64 255 159 220 12 28 247 2 16 84 82 2 205 7 181 84 222 203 9
182 241 114 203 208 216 71 22 223 57 224 99 212 80 126 247 40 71 176 139 211 147 85 214 2 67 210 165 192 231 88 4
97 1 70 144 28 242 36 43 181 187 65 27 130 64 126 159 220 12 28 199 2 16 208 218 6 205 71 164 214 222 194 135
117 185 23 128 154 114 157 186 229 171 65 59 142 104 122 155 220 12 25 183 97 16 52 222 2 197 15 149 212 150 170 136
