2 16 170 186 73 237 176 71 171 93 81 63 44 188 102 10 172 59 243 145 150 43 146 193 23 117 90 171 193 12 167 219
4 139 2 154 181 193 150 229 22 8 80 34 160 216 96 64 216 42 19 83 82 168 10 189 41 20 143 107 20 10 180 139
2 133 6 158 148 129 44 39 4 65 90 131 104 102 48 65 118 51 179 133 82 152 2 253 32 34 154 192 20 6 177 88
2 150 18 184 178 224 58 99 13 1 90 179 172 214 32 64 247 59 151 128 18 152 0 215 128 244 26 195 52 2 165 27
130 152 58 219 99 164 185 82 62 25 86 50 188 215 44 109 199 59 179 0 178 152 50 245 77 62 90 202 146 1 33 163
2 0 57 225 108 161 248 70 78 33 80 66 188 24 116 8 138 9 55 1 130 186 83 213 141 30 58 234 20 8 49 139
60 108 106 68 84 19 235 216 64 164 189 139 91 205 191 48 120 204 151 238 200 179 188 143 83 205 161 181 103 171 118 224
98 0 208 197 108 9 248 2 43 160 178 170 9 139 69 26 46 157 102 144 0 122 193 192 22 152 195 126 69 136 67 130
79 186 181 158 171 209 152 168 158 217 144 231 236 254 238 198 199 111 251 149 38 75 207 241 152 50 223 251 148 36 41 207
8 176 19 177 54 161 57 99 62 177 90 114 188 146 96 193 167 59 23 16 51 216 1 213 204 149 58 194 132 0 33 169
26 13 3 185 148 162 45 119 52 1 90 2 57 35 33 64 106 35 23 144 48 152 1 206 224 230 190 128 180 64 161 40
130 32 22 153 100 136 184 64 172 29 83 149 172 130 114 75 166 41 27 21 2 220 130 197 4 48 90 192 12 5 41 209
48 16 82 164 87 67 82 96 33 160 178 10 11 24 52 16 250 149 70 226 8 179 81 204 147 200 130 19 101 137 114 2
75 122 224 161 98 159 120 148 3 252 52 173 143 14 211 60 46 173 247 221 141 88 228 208 206 89 61 244 238 148 15 221
0 32 64 136 77 13 232 64 13 136 176 2 142 10 64 74 234 129 78 144 0 35 83 192 149 16 138 56 85 8 113 128
83 64 116 168 54 155 88 0 143 32 147 203 207 72 53 192 246 161 159 37 14 176 69 221 146 252 137 22 52 142 81 4
114 1 84 173 15 18 88 8 11 0 208 2 175 10 53 220 194 141 61 161 14 146 193 221 146 248 138 243 54 140 120 6
112 0 66 160 68 9 232 64 13 128 176 10 11 138 101 80 120 136 6 176 8 163 64 192 148 216 130 124 117 10 112 128
120 65 96 224 93 155 88 64 71 32 222 10 11 9 51 192 232 136 159 225 78 50 65 157 147 201 129 183 55 172 88 12
2 48 213 241 98 35 120 90 63 51 177 242 61 31 12 91 167 153 23 144 162 212 1 209 150 222 122 162 189 128 35 153
80 129 192 132 92 0 104 9 47 17 211 10 172 74 72 82 98 141 46 128 26 18 195 193 148 160 202 72 53 10 240 0
128 0 66 145 100 136 168 0 188 16 82 18 172 138 96 75 98 41 14 0 32 212 194 192 132 48 218 40 4 8 81 128
13 112 166 216 109 119 149 222 150 234 84 179 156 221 227 45 221 120 147 23 226 231 58 136 67 79 191 174 150 253 21 243
38 121 186 192 237 45 191 220 203 250 188 10 220 251 125 42 255 109 55 251 192 115 170 208 87 89 111 174 208 123 35 131
198 121 150 158 203 197 190 230 191 154 64 0 172 214 101 67 166 123 251 66 98 79 154 233 181 240 78 43 16 49 37 155
66 0 185 176 101 237 185 2 143 45 48 8 158 157 116 8 142 57 55 17 2 62 192 192 69 152 26 187 84 8 69 131
111 113 225 196 253 23 223 249 75 236 189 111 90 156 215 54 254 213 223 255 205 35 232 200 63 92 173 190 111 190 82 119
227 18 119 237 108 44 248 18 233 120 115 108 156 28 180 123 166 5 119 45 129 53 128 192 6 248 122 162 92 137 67 153
189 224 105 225 22 18 219 120 33 96 247 130 27 15 144 112 126 156 21 238 200 181 53 157 210 233 163 228 119 167 114 224
63 247 98 68 246 19 223 249 19 236 253 239 91 93 215 180 62 217 149 255 205 178 45 222 122 93 165 182 111 190 126 245
66 32 40 225 44 193 217 0 141 125 151 138 153 31 86 34 206 145 127 129 138 43 227 193 199 89 138 217 6 132 52 96
66 16 246 225 103 153 184 0 109 45 115 171 46 157 118 88 166 157 55 17 134 184 1 192 86 120 16 195 199 141 69 203
194 208 177 219 45 133 152 140 143 25 17 113 140 158 124 73 204 19 255 209 146 8 195 241 133 56 218 206 144 4 177 19
27 133 106 171 182 133 238 247 14 77 92 199 189 110 186 32 62 11 23 141 215 152 13 253 238 13 190 196 157 134 185 221
27 197 34 227 149 151 238 247 77 65 94 66 41 40 60 224 248 138 19 61 215 184 21 237 42 93 158 192 95 14 248 140
144 188 30 181 7 199 176 103 188 59 146 18 188 158 32 11 173 23 221 129 106 237 147 87 193 195 122 51 0 8 33 155
2 182 63 154 249 229 185 99 156 95 89 157 172 190 36 73 199 51 147 21 50 75 18 213 77 18 90 203 144 76 165 211
183 65 99 204 84 135 78 240 85 96 243 206 83 65 180 181 120 236 23 238 249 146 52 142 50 40 161 196 45 187 240 180
11 235 225 133 214 145 175 246 78 228 88 199 172 130 214 164 46 107 19 205 199 24 164 249 44 4 159 224 7 148 151 253
0 77 10 136 148 129 172 103 4 1 90 2 33 10 33 64 104 42 2 192 2 184 0 253 32 101 170 0 21 24 176 136
167 231 192 138 212 55 207 249 87 198 92 214 80 224 255 101 93 202 22 255 239 22 124 250 124 12 175 172 191 255 240 196
130 176 122 186 71 241 176 103 31 85 89 51 44 156 62 0 235 59 147 145 22 26 6 215 29 20 154 235 21 12 189 207
109 193 120 78 92 86 203 248 64 13 189 10 81 81 188 96 88 208 6 234 219 35 125 61 115 237 163 92 115 171 244 161
206 145 210 144 125 81 185 83 138 213 244 158 140 236 114 111 238 169 166 153 54 234 242 192 79 81 11 233 215 44 173 214
60 1 96 107 20 153 234 152 77 1 245 10 123 73 157 0 122 128 127 121 138 34 111 181 94 205 160 200 119 139 112 136
243 163 107 196 118 16 110 248 113 72 210 234 48 76 188 53 126 200 22 238 255 178 173 227 54 40 160 132 45 170 240 117
82 32 98 236 36 138 216 16 205 0 82 128 175 141 52 64 222 173 53 177 138 57 128 197 146 248 154 134 6 132 81 9
177 96 119 228 86 138 104 96 237 128 242 138 63 10 52 112 106 161 94 252 74 167 21 205 147 232 128 16 37 139 114 32
57 32 64 173 14 8 200 72 1 160 176 138 171 10 17 10 122 140 124 172 8 55 197 128 208 233 202 61 101 170 115 128
186 96 224 237 36 26 202 24 67 32 117 2 91 73 148 36 126 236 21 235 200 180 228 137 198 237 170 160 119 175 82 128
3 239 98 138 246 176 174 231 13 64 88 231 168 108 183 224 126 59 151 197 134 136 4 253 44 52 142 195 21 86 185 221
118 40 226 224 158 34 72 202 39 177 146 195 9 174 85 88 111 221 125 245 152 203 197 208 154 94 155 204 165 181 114 0
39 169 227 193 85 223 235 65 79 105 81 2 8 136 244 164 120 173 19 203 146 58 44 209 23 12 139 229 71 14 242 166
26 145 42 186 151 144 184 231 135 85 220 167 44 142 114 0 106 171 131 145 30 155 22 221 250 69 142 195 191 14 189 222
56 15 98 172 156 163 78 119 133 4 223 135 97 239 50 64 92 162 159 165 216 139 68 157 242 229 170 217 55 206 244 72
106 48 104 227 44 216 249 16 233 109 183 33 139 28 214 98 206 21 221 29 130 161 229 192 199 249 154 243 71 135 87 247
0 137 196 129 28 3 168 194 174 49 186 2 140 42 64 66 107 133 110 144 24 171 65 208 140 20 155 116 133 8 97 136
155 149 83 163 147 194 56 83 62 97 91 246 29 183 96 196 119 63 147 144 51 157 21 215 248 197 186 194 175 132 161 185
181 88 107 69 70 210 238 240 80 64 114 198 81 76 181 33 126 236 18 238 237 182 60 46 54 40 161 132 101 187 114 244
2 207 98 201 118 241 186 230 78 5 92 227 40 168 182 196 106 43 131 145 134 186 4 253 46 20 158 203 151 140 125 143
10 128 28 153 108 170 184 107 174 57 113 112 156 2 168 203 163 1 46 0 50 216 3 213 12 22 122 196 148 8 137 129
34 105 114 78 93 213 194 100 201 136 112 10 104 216 180 32 216 232 19 67 196 187 44 237 63 28 132 171 69 26 118 142
10 173 106 216 118 145 186 247 142 65 92 131 57 142 180 96 102 59 23 157 210 152 36 253 98 45 170 202 55 132 177 221
11 27 98 156 86 211 187 114 133 68 92 167 41 204 182 36 110 106 151 197 151 154 36 253 50 69 170 195 63 141 124 221
3 235 99 140 86 210 175 230 76 68 88 162 32 140 182 36 122 107 19 205 194 186 36 253 32 4 174 128 5 148 247 236
24 189 82 168 87 199 187 83 44 9 124 2 60 155 32 64 110 59 2 192 82 186 16 239 105 164 170 66 55 10 227 171
0 201 2 136 181 197 6 207 6 9 88 2 160 210 32 64 216 42 19 192 82 42 66 189 33 52 154 75 16 27 176 138
27 13 3 165 148 130 233 119 52 193 218 66 25 131 176 228 120 46 31 157 249 153 37 206 184 238 186 192 39 132 176 232
128 132 87 217 118 138 184 71 220 33 114 114 156 144 164 225 166 61 18 41 49 189 0 220 20 32 106 196 20 8 129 161
35 223 97 13 123 213 158 255 78 72 88 231 168 140 182 224 222 59 146 197 199 170 116 253 36 28 138 202 93 30 169 221
118 1 102 204 77 1 250 105 237 132 251 139 73 200 60 82 104 177 251 227 72 163 3 196 27 254 203 9 69 46 118 130
220 32 146 161 23 75 90 72 23 160 210 2 143 26 97 72 250 157 61 208 74 157 81 130 153 197 159 87 37 8 49 10
7 201 34 138 181 150 138 237 198 9 89 7 224 250 58 64 216 42 19 215 150 128 10 149 40 52 142 202 156 30 184 134
0 128 14 169 68 137 104 107 142 49 90 2 184 136 48 192 225 136 43 129 2 184 67 213 140 150 154 100 20 8 113 136
82 165 146 134 214 32 170 79 42 33 91 66 108 130 120 148 127 143 19 163 82 19 136 215 180 4 154 228 5 66 163 128
58 243 96 227 79 73 124 252 1 180 21 171 9 31 64 17 62 153 215 227 200 18 222 148 247 193 205 255 39 158 22 219
10 148 21 137 102 139 56 103 14 57 90 114 156 30 96 193 231 29 59 17 83 156 1 213 12 48 186 230 20 8 129 169
100 4 140 140 220 32 138 74 6 128 217 18 208 104 49 74 88 192 42 177 16 99 195 200 28 34 203 88 157 105 120 0
2 44 23 152 102 172 184 99 172 136 90 66 188 186 48 75 230 59 19 17 16 250 2 204 28 54 122 202 140 8 33 169
76 161 130 132 220 34 171 107 34 1 219 18 216 226 120 192 123 141 42 171 16 211 137 196 28 38 159 76 132 34 185 128
2 66 203 205 86 24 168 77 40 5 116 230 173 133 189 206 110 136 130 12 3 178 166 201 22 36 178 40 71 140 119 252
29 153 14 161 22 199 97 113 38 252 150 39 158 19 98 69 104 164 79 221 24 137 81 212 216 128 235 212 60 44 49 83
2 249 144 138 255 205 182 204 14 73 88 3 172 222 98 192 254 91 155 81 87 11 26 241 189 84 15 239 24 30 137 159
49 114 218 141 94 89 176 68 78 225 240 234 53 156 171 42 126 189 130 17 133 179 230 136 84 165 186 41 125 26 41 157
152 139 14 185 20 131 73 82 151 4 214 147 33 131 178 69 72 170 159 220 122 152 65 157 224 193 170 129 54 140 52 96
141 33 85 201 124 153 105 24 237 145 213 74 189 66 213 255 106 136 94 56 163 98 102 204 140 217 170 232 148 137 81 164
49 36 99 232 68 51 193 88 65 192 248 74 11 136 180 180 120 136 6 169 141 35 36 204 18 204 130 44 117 136 114 164
40 33 80 161 108 168 232 18 137 49 86 2 157 139 64 74 202 44 110 24 18 184 194 193 198 249 186 96 6 136 83 128
192 0 18 129 102 137 40 0 172 1 114 16 140 130 96 88 98 169 14 16 2 144 0 208 148 48 26 64 4 0 97 0
0 32 16 137 14 137 168 0 174 1 80 2 172 138 64 74 106 9 14 144 2 48 67 209 132 16 154 0 20 8 33 128
101 1 246 68 236 24 236 1 105 49 119 88 88 170 252 251 226 167 38 200 148 114 167 192 22 56 99 8 199 176 235 132
90 71 102 132 98 18 124 101 173 132 254 163 73 46 150 87 110 133 255 165 220 217 37 205 118 123 234 131 39 166 237 77
91 211 112 77 50 90 93 53 109 68 255 166 207 31 134 244 54 149 253 168 220 153 165 205 246 253 32 131 38 134 141 125
45 22 83 77 118 62 235 112 124 76 127 228 217 3 150 180 62 12 134 46 177 176 101 78 4 47 34 192 111 167 74 245
162 237 96 201 21 135 142 239 68 1 88 2 160 8 52 32 216 43 19 225 242 184 84 255 47 24 142 96 85 8 240 140
96 161 150 158 109 142 104 65 169 153 115 88 142 200 32 91 200 45 46 0 80 241 210 192 133 176 194 0 0 106 210 130
2 150 160 152 147 225 184 71 158 23 72 179 12 190 98 72 239 27 147 145 18 14 2 211 9 6 154 235 149 68 165 210
112 129 66 143 69 8 106 108 57 0 112 74 40 202 108 80 120 142 38 210 90 158 210 245 29 164 146 105 53 10 114 138
51 65 67 137 12 3 232 77 45 96 240 198 9 14 181 100 104 128 30 181 205 49 5 220 148 200 138 196 61 12 115 204
48 200 192 175 4 9 198 232 3 32 241 10 75 200 109 80 120 204 4 66 72 178 200 177 146 236 129 52 117 171 82 136
130 149 150 153 163 236 52 167 190 27 66 16 172 182 32 73 197 27 187 16 114 216 18 245 45 50 94 66 144 64 161 155
56 232 240 233 86 26 108 219 119 51 116 2 25 11 176 116 123 136 23 136 226 180 37 153 102 207 183 164 119 176 226 168
0 216 253 189 110 75 253 95 202 118 176 71 149 42 48 91 231 133 95 165 195 75 54 81 212 163 127 180 28 248 5 219
120 64 98 231 85 89 75 28 65 32 247 10 123 9 217 244 120 140 53 106 202 178 245 161 247 233 160 32 103 155 80 40
112 0 66 160 20 1 232 64 45 0 242 10 11 10 44 0 120 128 14 160 10 163 1 197 144 200 138 16 101 136 112 0
84 128 74 144 68 1 236 97 169 50 179 10 77 202 96 82 123 165 38 162 80 55 130 208 28 195 251 108 85 40 97 128
94 50 166 161 174 98 60 31 171 245 19 183 204 174 74 74 167 21 253 149 144 209 131 192 152 119 127 199 132 102 181 83
43 36 229 5 124 31 232 56 83 224 114 207 81 45 150 181 93 236 55 173 173 242 221 140 46 58 237 132 111 172 82 212
58 96 114 225 22 2 104 80 97 160 178 2 11 11 53 16 122 173 21 224 200 145 133 204 178 233 131 240 39 162 98 136
184 66 98 224 85 11 82 80 69 172 247 111 43 201 57 144 120 136 135 234 74 179 1 157 210 205 161 177 63 143 124 3
59 56 226 78 83 86 234 120 65 200 124 198 105 204 183 180 126 233 150 236 133 178 52 205 18 109 129 136 111 167 106 149
124 82 128 140 93 226 129 78 6 236 212 14 194 168 115 204 88 164 174 177 9 50 241 200 157 38 191 29 157 56 124 120
10 158 177 184 127 225 153 78 30 77 88 179 172 159 230 204 223 59 183 145 18 14 66 211 76 117 186 235 150 12 181 243
9 32 124 233 110 155 233 115 236 144 116 66 157 2 240 233 34 33 78 24 151 60 102 212 6 217 58 104 30 136 91 164
210 3 66 165 5 0 232 64 57 5 243 195 137 138 116 65 250 141 63 225 8 163 194 192 144 240 202 141 5 8 97 130
18 135 10 186 215 192 184 103 4 13 89 183 44 238 62 64 254 43 131 133 22 139 2 223 120 39 154 203 149 14 191 219
186 82 96 229 7 73 216 120 9 100 144 175 47 13 95 0 190 153 215 101 200 161 84 145 195 217 72 183 119 142 86 218
154 32 114 241 103 233 120 82 61 34 84 179 29 31 80 9 38 185 151 141 128 148 0 192 198 201 248 161 38 132 3 211
154 50 67 161 23 227 105 80 165 204 154 103 143 27 227 132 106 161 223 156 9 183 1 204 150 208 170 194 47 140 48 123
70 16 84 232 107 196 144 64 137 25 241 34 140 218 100 90 206 177 255 145 16 35 210 208 157 184 74 203 213 33 33 3
0 176 158 140 101 204 177 65 168 29 115 32 140 152 108 194 162 13 42 17 3 187 146 193 21 52 26 75 200 8 121 139
114 32 67 224 77 64 104 72 65 136 240 74 9 155 116 212 120 141 23 224 72 19 192 212 147 216 139 174 55 10 114 134
171 221 97 11 181 215 158 101 76 72 92 231 184 12 182 229 222 43 151 229 231 184 100 157 38 89 174 146 95 30 249 221
10 135 8 171 182 177 184 71 30 13 89 183 172 142 46 64 255 27 135 149 214 152 69 215 108 117 186 195 149 14 189 223
170 249 120 168 119 197 190 252 27 104 112 47 44 159 118 0 254 219 151 65 98 58 24 255 127 221 143 235 29 14 27 155
163 233 96 206 117 209 222 229 93 73 80 43 32 216 182 32 216 234 151 199 214 186 100 255 54 28 136 171 85 14 244 207
138 48 179 187 247 224 177 67 158 85 81 179 172 252 46 8 239 59 147 145 50 139 18 243 77 86 154 203 148 69 181 219
66 33 10 129 60 201 233 5 175 173 178 0 172 138 116 128 200 161 78 145 11 57 81 212 140 144 154 96 12 8 121 8
248 64 114 96 7 26 250 84 105 36 178 11 11 137 52 96 58 157 93 235 136 163 164 194 211 249 2 149 103 159 117 6
89 26 119 129 6 195 121 80 101 116 214 231 159 23 226 76 110 164 191 145 153 153 101 212 220 1 170 194 46 140 52 115
82 99 164 141 26 19 186 72 142 164 154 239 204 234 214 194 126 213 239 213 198 67 207 209 184 52 143 191 21 46 41 7
65 72 20 157 116 139 169 4 142 49 83 26 156 138 180 201 166 37 106 25 19 188 64 212 132 48 90 16 28 9 9 0
50 135 102 172 180 134 78 119 133 13 223 7 97 105 50 65 88 162 31 173 248 155 65 221 186 124 142 192 55 142 244 72
19 221 119 203 181 211 246 231 77 65 248 34 168 56 188 229 250 27 22 225 255 184 53 253 46 88 134 71 125 10 249 141
26 135 67 193 150 210 107 119 53 69 223 179 9 207 184 196 127 155 159 157 219 153 37 215 186 116 154 192 39 134 188 116
120 160 75 224 12 2 201 120 33 32 245 74 27 3 188 20 122 132 39 232 72 51 17 197 209 200 170 156 103 138 114 32
26 141 106 250 22 145 184 119 140 64 94 131 61 142 180 96 110 59 31 205 194 137 36 253 98 109 170 192 53 134 49 217
138 147 147 187 54 233 185 23 30 3 83 243 188 159 40 204 183 59 151 1 51 152 0 247 196 119 58 194 150 204 133 185
163 201 98 218 85 151 238 244 213 76 212 135 40 204 182 100 232 168 151 207 254 186 52 255 51 24 130 200 119 159 240 222
11 144 144 185 51 188 184 246 31 27 94 246 172 183 168 236 247 27 183 1 147 156 19 247 142 247 26 195 158 4 137 191
11 213 96 169 55 151 190 255 78 65 92 135 189 92 190 224 126 11 151 237 247 8 61 221 110 93 174 196 31 14 185 221
0 0 214 141 124 0 168 74 44 1 112 2 188 10 48 202 234 1 2 145 2 170 2 193 20 48 26 8 132 8 41 136
8 128 28 225 108 138 169 0 14 53 83 18 156 9 80 203 234 5 107 17 0 120 67 192 148 145 250 65 4 8 25 136
191 68 107 201 86 119 75 88 21 224 213 130 83 31 191 49 120 140 23 238 169 182 117 142 211 201 160 132 55 171 114 224
98 192 89 137 108 200 233 15 43 21 121 66 140 138 92 90 98 137 55 145 19 26 210 209 4 56 154 236 28 10 211 128
9 146 82 241 102 170 185 119 60 35 86 242 189 179 160 228 103 63 147 9 147 188 4 215 20 231 58 194 54 136 41 169
10 160 20 185 100 136 169 2 174 49 83 0 157 130 112 202 166 13 55 137 2 92 131 193 132 211 250 228 4 8 9 136
34 201 0 137 245 193 134 239 14 9 88 34 164 216 48 64 216 42 19 209 82 42 64 189 45 52 142 235 20 26 176 139
118 123 194 168 221 208 66 200 3 204 240 103 74 202 99 216 248 233 166 241 31 35 130 192 24 245 139 234 185 59 122 151
2 139 34 137 188 129 138 226 30 68 216 3 160 202 114 64 200 106 19 213 22 138 66 191 172 52 138 203 20 13 52 200
19 206 70 189 20 131 104 118 149 70 218 7 41 11 50 64 105 160 63 133 204 157 5 253 182 254 154 192 54 140 240 76
206 96 98 224 37 138 88 80 173 0 211 130 143 207 56 68 254 169 31 237 136 165 0 192 146 120 138 204 6 135 112 1
11 152 210 213 115 146 184 87 59 17 116 246 44 191 228 252 167 61 151 144 199 220 144 195 14 255 90 226 175 128 43 157
27 141 71 203 20 130 107 119 229 1 222 66 49 131 176 228 104 166 31 136 219 153 37 239 184 172 186 192 39 138 240 40
189 4 106 101 84 54 235 88 80 166 253 2 91 13 151 33 120 140 21 174 168 182 37 142 83 237 163 133 103 171 118 224
130 22 102 151 231 51 180 123 157 27 83 247 236 108 188 239 255 51 183 163 180 244 15 239 4 50 250 131 15 77 185 149
162 219 18 155 124 193 150 229 142 0 88 42 164 216 112 0 200 58 147 67 66 42 74 189 44 20 142 107 20 10 52 139
2 135 42 138 150 145 158 39 6 5 88 183 40 44 50 64 78 11 147 133 214 8 4 255 40 36 138 193 21 14 188 92
71 186 132 159 169 145 152 136 143 249 144 237 236 238 78 198 199 119 255 145 142 67 207 241 140 18 207 255 28 44 25 21
6 121 186 228 236 141 191 208 203 168 125 10 220 251 117 2 254 125 119 75 192 51 186 224 127 28 111 170 208 123 35 131
248 18 96 236 100 73 89 88 21 172 84 43 35 205 113 89 124 152 183 226 200 54 67 145 215 201 225 168 55 168 84 195
237 213 105 106 220 228 79 157 67 69 237 24 81 87 88 116 81 202 51 254 155 34 251 183 111 125 132 76 178 211 212 96
75 176 214 221 79 211 176 232 222 184 210 234 232 250 228 230 255 125 250 145 135 67 207 221 30 98 207 191 23 44 57 135
14 134 231 155 239 50 172 143 254 95 83 247 204 108 190 207 239 67 174 151 182 244 47 243 12 50 255 199 151 125 189 229
99 24 126 157 124 157 248 82 173 90 118 38 189 31 163 125 110 145 159 160 134 60 99 221 87 255 250 128 21 136 101 251
14 57 182 193 191 87 184 89 6 235 215 163 72 157 243 46 223 56 187 17 150 245 107 138 95 79 191 135 150 191 52 215
131 177 60 225 100 205 185 115 233 93 22 56 148 31 214 40 166 19 127 17 214 45 51 213 215 25 122 202 4 0 131 211
183 134 229 159 204 50 207 184 87 246 211 214 73 104 191 255 127 198 54 239 253 210 111 254 56 110 207 132 191 247 240 100
239 6 196 85 236 58 236 63 217 186 178 124 200 41 149 175 9 70 126 46 244 244 207 192 6 122 245 148 207 252 218 133
114 64 80 232 79 1 216 73 141 0 242 131 11 10 45 80 122 145 47 160 72 35 66 208 22 248 138 15 117 138 120 10
54 211 98 72 125 147 242 232 193 12 244 106 64 219 172 84 248 184 135 248 202 51 8 221 54 24 129 239 87 138 126 135
24 220 83 218 87 133 187 246 149 9 248 34 56 159 32 68 111 187 23 208 114 175 16 255 105 12 154 202 55 8 97 171
60 1 96 233 52 137 194 88 69 0 240 10 171 73 61 64 120 136 63 225 138 34 65 149 150 249 128 88 119 138 80 0
35 128 119 192 116 155 232 65 239 49 48 64 141 10 180 252 235 33 23 152 131 24 38 213 4 222 154 228 20 136 67 165
50 97 80 233 77 31 192 64 67 160 176 74 11 25 117 180 232 140 23 200 72 54 208 152 151 220 128 63 119 138 122 142
65 0 76 141 44 136 232 13 236 16 240 66 174 10 16 202 106 133 110 9 1 45 71 213 148 48 218 16 93 8 121 8
50 33 67 232 5 69 200 73 5 8 241 10 3 139 124 0 248 136 23 225 10 35 81 209 145 200 138 253 125 10 112 130
58 32 98 229 22 130 72 80 97 128 251 2 11 11 20 16 122 173 21 224 200 182 69 204 146 249 130 128 39 130 114 0
189 4 106 96 22 51 200 88 85 168 247 2 27 11 181 32 122 136 22 184 168 182 101 142 83 201 163 133 119 170 112 160
66 160 30 208 118 169 185 19 143 153 23 18 156 11 96 73 167 41 95 25 50 204 3 212 76 152 58 234 148 136 33 169
177 100 106 108 84 83 67 92 81 140 245 34 83 217 191 48 88 140 20 234 236 183 108 30 115 169 161 133 117 155 126 235
35 200 98 92 86 209 246 246 85 64 116 34 40 25 182 100 106 184 147 202 228 174 36 255 34 14 128 131 119 156 116 239
6 140 150 151 139 160 188 231 172 23 203 147 236 234 42 75 227 115 235 135 48 201 10 225 152 54 94 195 128 87 173 75
26 141 7 190 148 130 109 55 165 0 218 66 41 35 32 197 96 163 31 136 121 153 0 205 184 230 158 192 54 128 177 40
130 52 150 155 227 164 184 66 190 27 89 48 140 158 96 73 231 27 179 17 34 212 18 211 5 54 90 202 144 64 33 131
130 253 146 158 75 196 180 230 158 146 64 3 172 222 97 75 224 123 187 195 98 79 154 249 177 50 95 43 16 117 37 155
242 122 66 204 125 210 74 80 97 200 181 110 11 11 180 212 104 165 215 226 205 131 97 204 18 217 131 139 47 167 122 149
162 123 99 130 117 209 186 64 222 200 216 106 32 152 245 164 232 120 147 209 151 187 4 254 56 28 138 235 93 15 124 143
162 233 96 204 85 197 198 237 87 8 112 3 32 216 52 0 216 170 19 197 226 42 80 191 45 24 142 234 85 12 242 138
2 133 38 137 148 130 172 111 4 65 90 2 104 74 48 64 120 3 19 161 210 136 3 221 40 34 142 192 20 12 177 8
79 230 196 143 136 18 110 188 23 242 223 215 201 98 222 230 95 78 191 254 253 208 239 254 46 122 239 132 191 255 184 212
144 201 14 190 148 129 172 229 132 0 210 2 49 10 33 65 104 34 14 192 106 169 2 253 160 225 174 64 21 24 177 136
17 48 255 228 54 46 233 83 41 201 251 110 151 62 144 35 238 173 31 176 153 241 161 72 208 168 170 208 229 168 119 113
130 217 158 154 131 196 180 231 190 19 64 51 172 190 96 73 231 91 187 192 114 201 18 247 41 50 94 75 144 80 165 155
80 112 90 160 74 131 57 65 174 160 179 162 213 30 72 80 118 181 127 144 64 3 67 64 220 133 43 140 37 2 33 17
237 100 165 181 164 111 199 186 80 234 146 88 215 48 217 175 25 196 84 47 233 244 237 138 164 218 255 180 142 253 83 97
189 76 106 108 116 211 103 240 81 236 116 42 19 209 178 117 88 236 22 234 233 182 36 158 115 233 161 173 119 187 246 225
17 32 201 165 36 43 104 3 45 161 211 206 159 10 81 10 106 141 78 156 9 48 213 192 148 152 154 16 172 136 65 0
194 64 95 200 78 128 233 64 237 0 240 66 189 11 48 81 106 161 78 136 1 47 22 221 148 184 138 72 61 128 33 168
186 51 81 129 69 105 233 64 73 44 253 6 140 10 68 212 104 141 142 193 11 150 224 192 149 144 170 177 5 11 119 161
56 70 98 224 7 82 78 116 113 14 246 106 27 25 177 113 122 156 149 235 232 178 37 140 243 233 160 133 103 191 118 163
242 114 83 224 116 107 67 80 65 44 187 110 11 137 176 20 252 156 79 227 137 167 0 142 146 248 160 190 109 139 116 55
139 178 28 249 111 220 185 85 190 93 84 48 172 147 170 236 230 25 151 24 6 156 34 209 198 241 58 203 150 132 45 205
19 158 210 217 51 177 56 91 31 5 94 182 172 190 166 228 119 27 159 144 182 156 51 215 142 246 26 195 190 132 41 159
54 94 114 78 117 147 211 112 85 132 245 174 107 201 183 53 94 184 134 106 232 182 44 189 50 88 129 139 119 191 124 189
139 107 56 203 44 184 185 84 206 85 93 151 189 142 242 74 238 11 31 93 151 45 166 241 198 249 186 168 94 159 169 241
139 26 150 187 99 180 184 16 190 25 85 50 172 155 226 205 230 59 183 153 22 220 66 241 142 241 250 202 158 1 41 131
26 151 51 136 178 163 186 119 13 69 89 247 44 255 168 196 247 27 159 149 147 137 32 223 184 116 26 194 182 206 165 123
10 176 50 185 99 241 176 66 223 95 84 53 140 156 238 236 231 59 151 17 183 252 50 242 15 87 90 203 222 77 45 215
8 160 82 161 101 216 105 80 175 53 87 22 141 139 98 206 106 9 238 136 2 56 178 209 198 241 154 33 38 140 13 192
43 217 103 77 55 215 181 229 77 76 84 167 40 28 182 229 254 42 151 109 199 184 52 191 39 89 142 131 87 28 245 253
9 65 120 193 110 249 249 85 237 85 117 2 157 138 242 174 106 41 54 93 133 56 118 192 70 217 122 233 30 137 201 173
35 77 71 143 101 147 174 230 76 72 216 198 232 72 183 228 76 96 18 239 197 168 100 253 36 126 138 130 31 63 120 156
243 83 75 163 68 205 104 84 173 108 250 111 43 10 39 208 236 161 206 194 205 187 80 240 148 248 162 146 61 11 120 91
71 170 132 158 169 149 152 136 143 189 144 237 236 234 94 198 197 227 255 149 142 75 207 241 156 18 223 255 150 36 139 77
175 118 100 17 238 59 172 250 31 242 180 255 201 104 223 175 79 204 215 175 229 118 77 218 38 26 253 180 255 253 218 149
138 144 30 217 96 133 185 82 158 25 84 48 188 151 32 72 199 59 187 17 50 28 34 213 71 27 122 234 146 0 1 171
131 22 198 159 230 50 188 55 189 146 83 247 236 106 183 207 247 39 163 135 164 212 15 206 4 50 90 131 142 244 169 221
18 184 186 186 27 241 184 70 158 85 77 179 172 190 38 8 238 59 155 145 22 139 18 241 131 85 26 203 148 5 45 219
72 51 83 136 111 196 177 64 171 93 245 102 156 154 102 194 230 25 206 17 19 35 178 192 21 49 42 111 76 8 47 243
167 94 114 72 119 145 210 232 221 4 240 46 42 200 189 48 222 184 150 98 206 167 100 255 51 24 129 43 119 143 118 143
175 102 133 149 237 63 108 159 91 251 18 92 210 48 217 175 73 198 118 46 189 212 239 170 175 90 245 180 142 253 210 181
160 223 17 154 127 193 178 238 14 0 80 34 172 152 32 1 206 59 147 65 98 42 66 191 61 16 138 107 21 8 181 139
130 248 180 155 83 229 176 194 159 83 64 51 172 158 44 8 175 25 147 145 50 28 18 243 23 22 26 99 149 5 7 218
130 148 62 187 51 224 56 39 188 87 66 177 188 190 34 75 167 51 251 17 54 205 18 231 141 115 90 211 20 68 133 91
58 18 212 169 119 175 121 19 13 45 247 55 142 15 54 88 102 141 159 17 10 148 81 192 199 184 186 144 182 140 85 211
247 198 228 159 204 50 238 184 215 178 219 215 72 104 191 207 125 199 191 247 173 227 207 251 62 46 239 133 191 247 248 148
111 150 132 85 173 62 236 183 251 255 178 92 202 40 214 175 141 70 236 13 181 233 239 224 14 122 215 146 206 252 219 221
22 112 238 241 54 219 184 87 151 233 86 163 128 156 246 107 238 61 191 145 206 212 37 132 14 90 159 195 167 140 52 215
7 158 215 31 211 182 174 236 95 91 114 247 236 236 191 207 55 107 162 151 183 232 31 255 44 54 95 206 223 117 169 221
70 158 134 159 171 48 188 175 191 91 83 247 236 110 222 207 231 87 251 147 182 201 143 227 44 54 222 195 142 85 185 31
0 152 62 177 50 237 185 23 190 77 90 33 180 191 34 64 167 59 63 17 6 200 19 85 197 135 58 192 0 0 165 91
35 35 229 141 109 27 234 56 79 241 250 239 200 104 214 166 90 196 126 205 133 114 239 201 14 62 197 182 79 174 90 197
2 16 62 153 108 237 184 82 172 89 86 19 180 30 54 104 230 17 55 145 134 28 35 213 23 54 250 194 148 8 37 219
183 199 229 95 220 51 206 184 87 242 251 222 67 104 189 237 89 198 54 111 249 246 77 190 62 14 229 148 255 255 216 180
251 18 115 200 110 241 89 80 5 200 247 238 10 151 175 244 126 184 159 188 137 23 36 204 22 8 162 138 63 142 112 117
47 199 229 71 252 59 238 184 87 242 219 198 67 104 157 231 89 196 126 239 237 244 111 190 46 122 197 148 255 255 208 20
61 89 97 236 21 77 195 72 69 68 225 15 43 77 59 196 248 136 159 227 75 35 56 221 179 249 130 62 123 191 116 114
115 17 219 172 108 17 199 73 3 236 245 239 98 204 231 208 222 189 166 69 205 51 226 152 144 125 165 186 125 46 120 221
19 134 114 223 18 186 57 119 61 5 95 182 172 34 166 69 119 59 142 140 182 152 37 239 70 46 26 130 183 196 41 205
56 114 91 225 71 75 105 81 37 174 242 102 43 19 33 92 250 156 143 160 9 151 1 200 146 204 178 131 47 136 126 155
11 133 71 222 84 148 108 119 229 1 94 66 56 227 180 228 104 162 27 200 219 153 52 253 51 41 130 192 55 130 240 40
82 225 146 172 59 128 26 232 175 164 154 171 109 206 98 64 246 245 237 243 78 67 143 221 184 229 143 191 52 38 45 83
47 76 103 95 101 211 231 240 197 72 116 34 120 89 183 229 72 120 146 234 229 166 110 253 102 27 162 129 119 191 124 237
2 180 60 145 117 245 184 2 63 95 82 53 172 158 38 73 231 27 151 145 34 156 113 213 7 16 154 195 148 0 37 223
162 139 0 137 118 195 182 237 30 1 80 34 36 152 48 64 218 26 147 225 114 58 64 189 44 16 142 203 21 8 181 139
162 235 96 201 118 193 190 237 93 64 80 35 40 152 52 1 218 42 147 65 242 186 68 191 44 24 138 235 85 12 244 203
139 34 212 249 101 249 121 17 239 21 87 16 173 131 194 207 226 41 174 156 6 220 227 193 198 217 218 129 134 128 9 204
79 26 28 137 75 213 185 88 142 124 116 166 188 150 99 222 110 177 174 144 7 18 243 208 213 49 106 235 155 5 37 243
48 0 64 173 21 141 64 72 13 0 224 10 139 10 36 80 120 136 14 96 10 50 81 221 149 248 130 60 117 10 80 0
75 178 148 158 175 145 152 232 223 184 144 231 232 234 236 230 223 127 234 129 135 67 207 241 14 82 207 191 159 44 41 21
43 232 106 30 119 148 250 212 199 76 220 135 40 204 183 36 110 105 151 207 199 175 62 237 98 61 170 137 111 159 120 220
66 1 124 73 61 232 249 7 109 37 251 16 139 11 20 218 234 133 110 152 17 56 81 212 7 248 82 209 253 131 73 3
207 231 197 135 172 19 238 184 87 242 159 199 201 106 223 231 93 196 255 238 237 212 239 254 46 126 207 148 175 255 216 68
61 2 102 100 68 114 239 88 69 238 127 34 91 13 179 36 120 188 23 171 136 178 37 140 83 239 225 128 103 255 116 225
26 151 103 168 147 226 155 123 5 69 217 231 44 111 42 196 127 155 143 149 18 139 5 221 248 100 154 203 183 78 181 251
56 41 36 225 13 135 232 80 205 32 166 2 159 11 84 0 104 161 91 200 138 184 81 208 215 217 138 16 35 139 113 128
183 29 99 68 215 214 255 115 121 200 254 127 24 188 54 52 254 189 151 231 253 187 48 206 51 124 138 194 103 165 246 247
181 81 107 239 70 0 95 80 20 64 247 162 113 95 185 113 126 176 23 234 169 178 101 44 114 169 160 128 101 179 114 121
19 133 103 222 150 128 237 119 173 65 94 66 60 235 176 228 102 163 31 137 243 153 55 221 176 44 138 192 55 134 177 40
48 0 106 228 20 10 74 80 69 160 186 10 27 9 53 64 120 132 29 227 136 179 1 204 210 233 161 148 103 170 112 0
160 34 75 237 68 8 105 80 33 1 114 207 51 11 52 82 106 136 39 204 2 186 131 65 86 168 160 200 45 136 112 144
56 65 106 110 84 19 74 120 69 0 245 2 115 75 185 112 120 136 23 234 200 179 36 157 114 233 160 136 119 139 114 128
218 70 206 220 199 34 236 103 240 142 82 18 73 235 181 203 121 239 55 139 104 247 130 202 119 47 254 137 165 120 253 138
130 56 152 185 75 204 176 70 172 9 80 19 172 158 96 74 166 59 251 17 18 12 146 225 197 241 26 75 144 9 37 155
86 203 134 158 171 0 62 168 174 149 154 163 236 234 107 194 247 71 239 211 86 65 143 225 184 54 207 207 132 118 173 71
198 16 120 168 43 229 24 74 141 200 184 161 156 30 101 88 198 145 223 177 0 3 82 212 145 209 10 223 20 1 39 83
130 50 178 145 101 221 184 16 159 77 84 53 172 158 102 72 206 57 183 145 150 188 226 193 7 80 26 235 210 12 37 215
131 209 38 156 53 209 188 101 204 64 80 131 40 156 182 97 234 43 19 133 247 168 54 221 32 56 138 138 21 12 177 222
171 29 106 85 118 183 250 114 253 206 126 247 25 173 182 165 62 190 151 173 181 188 36 238 38 127 160 194 111 237 124 213
183 73 67 142 84 146 239 240 4 192 210 198 113 196 181 228 126 236 22 239 201 147 44 237 48 44 170 128 61 183 112 252
0 8 158 191 110 73 185 64 142 16 82 34 181 88 57 75 234 8 123 65 2 180 67 57 212 162 250 128 20 9 21 139
173 97 225 65 252 27 206 216 83 224 48 90 83 64 221 172 88 204 22 255 169 118 237 154 60 28 165 244 239 191 82 164
162 50 71 193 101 214 232 64 169 84 243 22 136 142 62 253 234 173 211 225 133 151 112 192 135 184 202 39 7 5 119 212
18 207 18 155 95 129 182 236 140 12 208 34 172 136 32 64 238 59 147 65 66 43 2 255 176 20 154 219 85 10 181 139
3 158 114 153 51 242 184 70 63 69 84 183 172 158 166 72 247 59 159 144 182 156 51 215 14 54 26 195 158 4 45 223
121 16 115 96 117 127 65 87 101 236 246 110 11 29 183 248 124 132 142 176 137 179 53 204 146 237 160 150 127 141 96 87
10 129 67 216 85 212 236 119 69 9 222 66 57 203 180 228 104 170 19 168 83 138 35 223 55 121 170 200 55 136 240 44
51 223 102 205 119 211 190 252 77 72 92 166 40 24 182 164 126 104 150 239 199 188 36 253 38 88 138 131 95 158 248 205
2 158 50 152 179 241 184 227 31 77 90 247 12 188 164 196 239 27 151 145 150 153 32 215 14 22 26 199 215 76 173 215
7 138 133 159 169 149 172 142 223 123 144 213 236 104 223 207 205 67 250 151 183 104 223 241 12 26 223 238 221 116 169 93
67 187 148 159 107 149 152 136 207 248 144 205 236 232 94 198 205 103 234 149 135 99 223 241 140 82 207 255 30 44 41 149
56 87 115 232 100 2 79 80 65 142 246 238 11 13 181 213 126 156 151 235 233 178 97 140 178 237 160 128 111 187 118 113
210 50 98 128 102 17 248 65 41 68 146 175 8 14 150 0 174 157 223 165 204 39 164 196 146 88 138 255 39 165 55 84
59 23 75 225 100 76 107 112 45 72 178 103 59 30 190 209 238 129 159 230 205 163 96 194 182 221 162 144 61 138 108 217
2 159 97 136 246 208 159 127 21 77 217 247 40 47 178 197 78 147 159 181 250 10 101 247 62 52 142 203 158 140 181 121
66 147 113 233 53 220 248 19 233 25 250 106 174 24 84 226 174 159 255 145 159 56 224 193 151 248 18 203 71 136 109 15
10 143 34 185 191 145 152 103 31 77 88 183 172 140 50 68 206 11 147 149 214 24 70 215 108 22 154 203 23 12 189 223
134 132 102 155 151 243 190 238 158 23 81 179 104 252 62 73 239 123 147 151 54 205 14 247 46 18 222 195 21 93 185 199
57 69 42 238 21 87 195 104 69 160 237 10 115 9 57 32 216 168 26 234 72 179 120 140 243 217 130 48 115 11 114 170
39 190 165 27 237 55 172 143 223 251 144 84 200 104 221 239 205 70 250 157 183 120 111 240 44 90 223 246 223 117 250 213
59 201 108 141 47 209 158 238 76 72 92 38 56 152 182 228 250 96 150 205 199 40 39 189 54 127 190 131 95 30 249 221
53 48 91 168 118 41 83 88 41 72 252 238 31 140 183 52 254 137 6 119 139 35 164 204 144 252 34 234 117 171 98 245
147 135 99 204 246 208 236 119 85 65 223 98 121 114 180 229 122 178 22 168 251 186 39 221 54 43 162 200 55 136 248 173
139 96 118 249 101 217 120 81 239 85 86 150 173 135 230 111 162 43 134 156 22 208 178 241 199 217 218 169 22 133 229 213
10 159 32 136 186 241 185 71 135 77 220 167 172 142 178 196 79 171 151 133 150 9 6 253 36 52 186 203 23 204 181 223
71 187 132 178 173 157 152 140 139 253 128 77 236 234 86 134 133 103 253 213 143 73 218 241 152 82 223 255 138 6 27 93
18 16 244 161 103 46 121 80 45 85 247 23 14 31 54 94 110 137 31 149 146 180 81 192 214 216 18 66 175 140 65 210
59 177 96 201 119 156 120 49 41 77 116 134 47 29 150 52 38 128 85 12 130 40 116 213 135 248 144 202 47 132 210 255
2 159 39 153 179 243 184 115 31 77 88 247 172 63 162 197 110 27 159 129 50 152 37 255 46 22 154 195 151 76 181 251
231 231 228 141 188 59 238 184 95 242 154 207 195 104 223 231 89 196 126 111 237 97 207 186 46 126 229 180 255 255 216 20
167 199 196 15 204 59 206 184 87 242 187 207 65 104 223 239 89 196 126 111 237 102 207 186 46 62 229 180 255 255 216 148
2 149 86 201 242 179 186 99 29 65 94 247 44 62 164 196 103 27 155 149 51 136 33 223 62 52 154 194 158 196 169 125
51 90 114 76 95 147 222 108 205 76 252 166 42 204 183 32 254 184 150 235 204 163 118 253 51 24 130 187 119 191 116 207
167 230 96 27 215 179 238 204 87 91 121 247 64 236 255 173 125 202 147 247 182 246 14 247 42 10 133 239 247 255 252 197
11 81 49 137 107 253 185 18 142 104 117 166 188 151 227 126 110 57 255 144 135 26 242 208 71 113 186 234 18 5 7 247
138 26 98 177 54 171 249 2 63 111 82 183 172 142 54 73 167 61 191 149 162 252 5 223 76 22 58 193 132 140 85 91
175 215 96 74 215 19 238 248 87 73 89 255 73 72 188 132 125 202 135 255 243 54 76 255 60 12 173 236 127 143 250 181
120 1 106 228 68 11 225 80 65 160 242 10 27 9 53 80 122 132 23 224 136 179 1 140 210 237 128 20 101 170 112 0
111 54 133 213 237 63 236 191 251 251 18 92 202 56 213 175 141 70 126 12 181 252 255 224 14 122 213 150 142 252 218 141
67 161 81 133 102 200 240 71 105 73 242 106 174 24 84 98 170 137 95 17 71 56 129 193 150 56 18 243 13 8 89 15
0 0 92 193 108 137 169 16 174 17 52 2 157 10 212 106 230 1 94 152 2 40 98 208 196 153 58 232 20 136 1 160
255 231 228 143 140 50 142 184 214 182 155 199 201 232 223 195 93 197 253 247 236 71 207 250 62 111 239 157 189 247 248 20
135 70 103 222 84 178 174 120 84 66 217 214 104 72 189 229 92 98 19 239 229 167 47 255 48 42 138 136 31 191 112 180
11 133 86 216 210 176 184 115 189 65 91 215 45 238 166 224 103 187 147 132 183 153 6 223 126 47 186 192 63 132 169 157
178 223 22 139 22 131 190 229 12 4 80 162 44 12 56 65 126 59 147 97 114 185 0 253 172 0 142 195 21 10 181 137
34 223 96 139 86 131 190 229 76 4 80 162 44 140 60 1 126 59 147 97 242 187 0 253 44 16 142 227 85 30 245 137
135 134 70 159 68 50 172 250 21 82 211 215 104 104 190 205 127 131 147 175 231 196 15 255 20 34 218 128 31 237 57 212
49 86 91 232 118 123 83 80 65 236 245 238 11 12 183 245 254 156 132 226 141 179 96 142 178 220 162 182 125 143 126 245
90 99 10 172 26 3 26 104 39 164 153 171 111 206 99 80 246 253 237 231 78 67 141 221 184 229 171 191 52 38 47 67
146 180 62 251 18 228 177 83 188 27 70 18 180 159 32 105 229 59 155 145 50 205 50 87 203 163 58 75 144 0 165 179
150 78 70 158 131 162 188 102 189 22 83 183 108 238 39 75 103 243 187 135 36 197 14 239 50 34 218 131 181 85 173 95
99 35 196 141 60 27 202 8 79 224 186 239 203 72 214 134 94 196 254 125 205 97 205 152 30 124 139 182 77 46 90 133
139 133 99 220 214 148 236 119 29 65 94 66 56 74 180 229 110 171 19 169 243 136 54 221 51 40 138 200 23 132 249 44
71 190 134 159 187 144 188 168 190 219 82 247 236 238 238 207 247 111 251 5 167 73 143 241 44 50 95 206 140 116 185 93
71 186 132 155 169 20 188 190 190 91 146 245 204 234 222 207 197 71 255 149 183 73 207 241 140 50 223 207 142 116 185 29
50 219 98 218 95 129 146 236 205 12 240 34 40 200 61 0 254 187 151 67 194 47 14 253 49 28 138 155 85 30 117 203
18 78 130 157 229 166 238 246 49 131 90 103 104 234 177 196 249 238 35 131 200 187 128 234 52 246 222 2 143 119 249 141
239 102 229 17 236 59 236 154 95 242 177 254 201 104 223 239 95 204 246 63 237 118 239 218 6 90 213 182 223 253 88 149
10 16 54 179 103 248 56 18 173 85 86 21 172 7 2 77 162 43 139 148 22 216 50 229 135 241 218 195 142 5 165 215
55 91 106 78 118 147 90 112 205 64 125 239 107 206 183 116 126 168 150 238 205 179 44 253 18 92 128 138 127 175 122 213
75 186 165 149 173 60 188 151 235 251 146 93 238 168 86 174 133 103 248 29 151 105 243 224 143 122 95 90 202 124 219 93
3 195 66 136 87 145 188 103 5 5 88 199 40 138 182 196 110 171 147 197 214 138 4 221 58 36 158 201 31 140 184 220
167 231 97 74 92 23 206 220 87 97 249 222 64 72 188 164 89 200 18 111 235 38 125 183 36 28 133 252 95 159 208 180
162 104 108 193 108 141 232 66 200 172 178 7 160 10 84 18 200 161 87 196 192 186 80 196 22 24 186 160 77 8 83 154
35 33 166 141 77 6 184 72 205 196 192 3 40 136 119 66 232 141 123 229 4 179 150 192 21 56 138 49 69 44 113 196
7 158 135 159 242 186 190 166 190 219 83 247 236 238 191 207 183 111 179 151 247 216 15 227 44 54 223 194 140 117 153 221
11 141 82 153 210 180 188 119 29 65 90 199 45 46 182 224 118 27 19 133 151 152 22 223 46 126 154 200 157 132 169 221
35 217 98 79 119 147 238 244 69 64 124 166 40 76 183 164 126 234 146 239 199 186 52 253 38 92 128 131 127 159 120 253
3 159 99 156 247 149 175 119 29 68 92 231 40 172 182 196 76 171 147 197 215 154 52 255 52 54 138 202 55 12 180 220
59 83 106 236 102 26 75 112 65 68 247 238 27 13 183 244 126 141 151 239 201 179 101 140 178 249 160 128 127 142 114 117
71 150 134 151 168 54 172 175 190 219 83 247 237 110 158 207 231 71 255 151 181 201 143 226 172 118 222 128 140 117 185 93
50 203 90 168 86 193 158 231 4 0 216 34 37 136 48 64 234 187 151 195 74 59 2 189 112 133 174 217 53 26 253 139
50 203 98 232 118 129 158 228 204 4 248 231 43 200 52 0 254 185 151 67 202 43 2 189 48 92 170 155 85 30 116 155
71 251 132 182 45 157 154 136 171 249 136 77 174 206 86 134 133 101 253 85 143 75 218 241 153 84 143 254 138 14 27 31
91 249 19 170 25 221 18 192 235 72 136 12 174 216 102 182 160 241 252 65 79 43 154 241 187 212 11 59 90 6 11 31
61 83 114 76 103 19 207 112 69 196 117 230 121 73 183 180 126 168 150 238 201 178 36 140 114 237 161 128 127 191 120 241
58 203 106 204 126 145 222 229 197 68 88 163 41 204 182 96 238 168 151 199 206 171 38 189 114 77 170 137 117 158 244 207
111 188 149 21 173 60 236 159 235 251 186 92 168 184 86 175 133 102 250 29 149 105 247 224 15 90 215 118 202 124 219 157
51 219 98 205 118 151 190 236 76 76 92 167 41 12 182 32 254 43 151 231 198 184 36 253 50 93 170 131 87 158 245 221
19 141 98 141 246 178 170 115 4 65 90 230 57 58 182 96 126 139 55 173 151 154 37 221 62 44 170 192 61 134 169 197
26 203 26 170 22 131 190 229 12 4 88 162 173 76 48 64 126 187 151 225 66 184 0 189 112 197 174 193 53 10 181 137
127 231 228 13 188 31 206 187 87 240 158 207 195 104 215 199 89 196 126 45 205 98 199 152 46 127 237 188 207 252 88 20
3 157 35 137 215 151 190 103 29 65 90 231 44 47 52 196 254 59 147 165 211 152 53 255 47 54 154 194 22 12 161 253
19 201 106 140 70 209 190 237 77 68 92 163 48 156 182 96 122 40 23 229 198 56 36 221 118 45 174 139 53 158 245 205
2 143 67 205 213 212 230 103 69 9 92 66 40 155 36 228 248 42 18 200 91 186 48 223 39 252 154 75 23 10 244 172
18 0 106 160 71 6 248 65 41 100 129 139 13 14 22 0 238 157 91 165 72 139 20 204 147 88 154 51 37 134 55 92
32 209 83 232 118 195 255 247 13 64 92 163 61 157 160 64 122 170 23 106 67 184 0 221 118 156 174 192 63 154 240 219
10 16 178 217 107 212 185 83 175 93 84 53 172 158 231 108 230 25 183 17 130 28 50 209 71 89 122 203 150 4 37 255
38 246 236 155 254 51 190 205 94 55 153 247 72 232 255 137 223 91 147 247 246 103 79 247 42 22 255 255 221 127 252 213
71 187 133 155 173 21 172 174 143 249 154 197 236 236 94 206 205 71 251 215 151 73 223 241 140 26 223 254 156 126 153 92
61 91 98 76 86 146 203 112 69 192 255 230 121 205 183 228 126 232 151 238 137 178 36 140 50 109 162 128 127 191 120 245
135 198 68 158 207 51 142 236 22 83 217 247 104 104 191 201 93 195 155 231 247 71 79 255 48 34 223 141 157 127 184 148
2 159 35 153 211 151 186 103 29 77 88 231 172 46 54 196 254 59 147 133 211 152 49 255 47 54 154 195 22 12 189 253
135 134 164 159 140 51 172 170 86 123 211 215 200 104 159 239 205 71 191 175 189 196 79 247 6 58 219 196 159 253 185 212
226 131 121 195 100 204 248 3 233 81 178 122 164 28 84 96 238 155 95 17 151 42 224 213 23 56 146 106 68 8 215 206
71 187 132 158 139 148 184 168 174 217 128 199 236 238 91 202 231 103 251 213 135 65 223 245 156 50 95 254 156 38 57 93
37 161 33 75 213 181 235 217 71 65 233 74 208 72 92 164 89 138 18 250 147 34 126 181 47 28 132 108 219 139 208 164
194 84 59 218 108 196 248 71 169 89 49 121 172 159 52 51 134 49 87 1 230 15 2 211 23 24 26 235 20 0 235 135
67 251 132 190 45 149 152 136 143 248 128 205 236 202 94 194 204 101 251 213 135 67 219 241 154 80 207 255 24 46 27 85
30 215 228 155 143 51 190 237 158 31 217 247 72 108 190 203 255 67 187 227 246 65 79 245 40 39 255 223 149 127 189 199
59 75 99 76 87 146 234 116 69 72 86 230 41 76 183 228 126 224 150 239 205 177 36 237 50 109 170 128 127 190 120 237
42 217 98 205 118 195 255 119 77 72 92 167 56 29 180 100 126 58 23 141 210 184 36 221 102 126 170 192 63 140 240 251
2 48 178 217 101 217 184 71 175 85 84 53 140 158 102 73 166 25 151 16 22 92 178 209 7 216 218 235 150 132 37 223
2 146 186 153 114 208 56 71 175 93 90 163 140 158 230 72 167 27 151 145 22 152 2 209 14 52 26 203 148 4 173 223
71 187 132 158 169 148 154 172 175 249 136 205 236 234 94 198 197 103 253 213 159 75 219 241 156 86 223 254 154 38 155 29
175 110 196 21 172 59 236 186 217 242 182 223 195 40 215 175 73 70 126 47 237 244 197 138 14 90 213 180 79 252 90 148
9 30 121 101 116 174 105 55 124 9 126 112 183 49 144 112 6 62 22 8 177 184 97 78 231 255 48 128 64 128 194 169
129 104 93 177 108 201 169 70 172 88 48 115 181 154 80 11 234 41 91 5 3 188 66 81 68 136 186 168 12 8 67 155
86 31 190 158 171 50 62 164 188 158 219 179 236 238 43 75 231 119 173 195 116 193 11 234 178 99 254 131 132 119 173 79
167 230 100 154 253 51 206 232 87 250 149 255 65 232 255 169 93 202 150 255 254 102 79 191 62 90 205 253 223 255 216 132
177 4 73 225 84 3 105 80 100 98 176 90 19 11 144 49 106 129 30 184 169 54 69 86 212 136 162 36 117 136 96 160
2 128 158 147 100 236 184 0 175 81 39 17 156 31 106 74 166 19 59 17 18 8 26 192 207 16 26 75 156 10 9 146
2 148 59 186 211 225 177 66 158 21 73 179 132 158 32 64 231 27 131 145 18 12 26 215 201 7 154 75 144 64 37 242
167 46 228 21 237 63 236 143 219 250 178 220 202 40 215 175 205 70 254 47 165 244 207 192 14 90 213 180 207 253 218 148
123 121 19 74 25 221 82 64 239 64 169 8 46 214 100 180 248 177 220 66 79 3 186 245 179 216 3 59 90 6 43 54
2 176 155 184 100 165 177 66 190 91 80 81 148 158 96 72 229 27 19 17 179 92 18 81 197 150 58 234 152 8 33 147
75 185 181 21 173 188 180 135 235 249 154 76 174 184 84 174 133 103 248 29 151 105 243 225 143 122 95 90 202 92 153 93
167 118 100 25 237 63 140 138 95 250 177 255 200 72 223 175 93 204 246 183 237 102 207 218 14 26 221 182 221 253 90 149
121 249 18 42 25 157 82 112 233 72 169 13 63 216 103 176 184 169 220 103 207 35 152 189 179 221 1 59 122 7 10 31
67 249 183 87 173 220 182 134 235 249 170 76 174 184 84 166 128 103 248 81 151 105 251 225 175 92 95 122 202 30 203 30
120 251 72 170 56 141 90 248 163 172 188 237 47 207 67 16 220 249 205 230 206 3 202 61 242 213 169 185 56 135 14 91
9 150 123 101 116 238 105 55 125 77 126 92 179 53 144 112 6 46 22 8 177 184 113 15 103 255 48 192 64 128 198 249
71 249 133 135 173 157 206 140 207 249 138 77 172 248 86 166 197 103 120 85 151 105 219 240 141 92 223 126 136 30 153 92
19 155 102 205 244 150 238 119 204 89 94 70 57 42 182 97 110 43 23 205 213 152 36 221 36 40 170 192 61 138 185 157
150 116 191 186 202 229 191 200 154 95 209 51 116 222 109 11 237 91 51 211 34 71 154 115 81 2 250 171 145 83 167 243
32 157 90 201 213 149 190 231 77 1 88 2 32 154 36 228 248 58 130 64 83 58 16 253 39 252 138 75 21 10 248 142
71 251 128 174 57 149 90 136 143 248 137 205 238 206 94 210 196 229 253 215 207 3 218 241 152 209 143 254 24 39 27 94
71 251 132 159 9 132 138 168 174 249 128 197 236 238 90 198 197 69 121 213 135 73 219 241 140 48 207 254 152 38 57 92
71 139 132 157 173 60 236 175 206 249 138 69 204 168 87 234 197 71 123 221 151 73 223 240 140 127 223 116 156 124 217 28
59 91 99 76 119 147 239 240 69 72 116 230 41 204 183 228 126 232 150 239 193 186 36 253 50 105 160 128 127 191 120 253
121 251 40 170 61 157 90 240 3 236 189 77 63 201 83 16 156 169 221 103 206 43 216 189 243 221 161 185 122 143 90 91
123 125 18 170 19 221 82 96 233 72 233 13 47 218 39 144 184 169 213 67 207 35 152 189 243 221 0 59 122 15 42 23
50 203 83 136 87 193 255 231 5 0 88 162 44 141 48 68 106 187 19 193 66 58 0 253 112 4 138 75 55 154 244 138
91 249 128 166 61 157 82 132 171 249 138 77 174 156 86 162 132 101 253 87 207 11 218 241 185 221 15 122 8 14 27 30
3 141 107 205 215 215 190 231 12 65 92 131 56 190 180 224 254 59 19 141 215 154 52 255 39 45 154 195 21 12 185 252
35 219 106 140 86 151 190 244 76 76 92 167 41 204 182 96 126 234 150 207 197 184 36 253 54 109 170 128 127 158 120 221
2 157 107 137 246 211 190 103 12 65 90 163 36 158 180 224 254 59 147 133 211 152 36 253 46 45 174 194 21 12 177 253
35 203 106 136 118 147 190 247 68 68 88 135 57 140 182 96 110 171 151 197 198 184 36 253 118 13 174 192 117 158 245 221
18 203 27 168 86 131 254 247 4 4 88 226 53 141 48 64 126 187 7 193 90 186 0 253 244 133 174 193 53 152 181 136
122 115 24 168 57 133 90 120 167 12 177 237 143 207 99 144 222 177 205 231 78 3 202 157 146 213 171 187 24 134 46 83
9 142 123 119 116 174 105 55 125 77 126 116 179 49 144 112 22 46 6 12 177 184 97 79 102 191 48 192 96 128 194 233
185 217 83 205 86 195 239 103 29 64 116 178 57 151 164 228 122 186 23 200 113 186 36 223 54 236 162 128 55 136 244 233
35 44 164 21 173 63 236 55 206 251 186 84 171 40 23 175 137 102 126 13 181 237 87 136 134 91 87 16 202 124 217 156
79 139 132 191 141 20 172 175 174 219 139 197 236 110 94 202 197 71 249 215 151 73 223 225 172 114 223 212 140 119 185 92
151 86 231 151 130 38 175 20 252 211 67 214 89 100 189 239 119 85 58 175 177 213 61 202 4 42 223 134 173 247 177 116
182 226 172 187 190 241 154 204 158 87 145 179 193 204 255 11 91 75 3 215 54 71 110 179 200 3 175 253 149 91 189 199
3 197 99 138 87 209 191 237 13 65 92 163 108 220 190 100 122 11 147 165 215 155 36 255 58 12 142 202 23 14 181 255
246 212 236 94 143 119 86 236 147 254 181 31 66 124 111 63 217 214 253 227 252 103 123 186 123 91 197 191 243 127 254 86
86 87 142 190 138 34 62 136 190 158 155 231 237 106 235 203 247 199 237 231 188 193 143 232 184 99 239 151 172 119 169 19
55 231 236 177 172 51 206 232 86 190 152 143 195 104 223 11 221 194 255 247 252 99 79 186 170 75 239 253 213 253 216 196
54 227 236 177 142 19 158 232 14 183 152 239 193 104 223 10 95 199 239 247 220 99 207 184 174 71 239 189 213 127 157 197
3 157 3 203 245 212 174 101 140 8 89 66 44 186 180 228 232 42 19 73 83 152 56 255 39 60 138 194 20 10 249 174
182 116 168 186 202 101 151 200 154 214 129 187 84 223 107 11 253 91 211 211 114 71 154 114 81 3 223 63 149 123 183 210
39 126 164 145 173 63 172 143 222 250 146 93 202 40 87 175 205 70 250 55 165 228 95 208 12 90 223 54 221 125 217 148
183 102 236 185 156 51 204 200 214 246 148 223 193 72 223 11 93 192 207 247 238 102 79 186 170 75 253 189 213 253 216 196
182 230 108 187 156 179 142 200 150 55 145 151 193 76 127 11 93 203 223 247 190 103 79 183 232 67 239 253 181 125 188 196
182 231 232 178 206 97 159 204 146 214 153 187 65 204 127 11 217 219 179 211 94 103 238 178 123 1 207 191 213 123 214 214
66 2 255 204 118 2 201 16 8 129 242 226 149 143 180 73 238 149 63 137 128 235 128 72 208 168 250 152 5 128 103 41
24 223 62 168 178 195 181 103 140 5 90 167 173 175 34 64 166 35 15 21 102 137 0 173 232 197 62 195 36 28 165 203
135 76 135 151 133 38 174 151 252 211 195 215 200 110 61 239 229 71 59 191 245 220 61 234 44 58 223 196 143 245 177 84
26 215 190 170 147 197 180 71 140 69 139 135 175 158 42 64 166 59 203 21 86 137 16 173 225 197 30 19 176 14 165 91
35 135 65 139 244 181 238 127 27 13 121 199 32 104 190 196 221 10 131 140 215 58 124 215 38 60 154 234 95 206 250 212
123 61 19 46 19 213 82 97 233 64 233 8 127 222 35 176 250 185 212 99 77 35 16 157 179 221 3 59 122 38 43 22
9 158 123 81 116 174 105 55 124 77 126 116 179 53 144 112 135 58 22 28 179 188 32 95 111 191 48 192 194 128 194 233
48 235 121 104 112 131 95 252 1 44 252 169 51 7 129 16 94 248 7 234 202 58 104 63 118 141 165 168 117 147 70 249
9 148 123 125 116 174 113 55 124 73 126 112 191 55 128 112 135 58 22 8 179 184 32 79 111 191 48 192 194 128 199 249
120 115 88 168 56 133 90 120 0 140 185 237 55 207 35 16 220 185 205 230 78 3 208 29 210 197 33 189 56 163 42 19
1 185 183 85 141 255 180 7 239 243 42 0 188 184 68 174 129 103 250 1 149 233 179 224 15 94 86 18 202 124 217 174
2 217 183 87 235 216 179 228 239 149 110 32 236 246 100 230 162 115 235 80 82 233 170 225 15 54 94 3 66 50 37 239
95 249 0 174 57 149 74 152 138 232 129 77 239 202 90 208 212 229 253 215 207 3 219 181 153 213 139 124 24 7 26 88
18 203 67 237 20 131 238 245 5 0 208 199 33 131 48 196 108 186 23 205 75 139 0 253 160 160 174 144 63 152 184 152
87 68 167 215 141 118 175 136 228 211 139 18 209 118 61 239 113 215 120 191 185 197 191 224 169 42 223 20 141 115 177 116
118 244 173 252 142 103 151 238 146 254 152 15 82 124 77 11 221 215 121 163 124 99 251 48 249 131 239 255 209 121 246 82
67 217 181 165 141 221 180 135 238 249 138 76 190 184 86 234 128 103 122 93 151 105 243 160 173 127 95 82 200 60 217 30
67 249 183 87 141 220 180 135 239 241 170 0 190 184 84 166 160 119 122 81 87 233 179 224 173 28 86 50 200 30 129 126
149 132 44 187 140 39 136 170 214 119 129 151 211 104 31 75 201 64 121 55 190 101 95 55 201 11 255 84 156 105 89 82
52 244 173 187 140 99 159 204 22 215 129 147 209 111 73 11 89 211 123 243 42 71 91 50 233 130 255 125 149 121 181 242
3 57 133 149 141 63 164 135 206 251 138 76 134 56 85 174 137 102 122 29 149 233 83 128 141 94 223 54 200 124 217 12
91 249 18 166 29 221 18 224 235 200 138 13 190 216 114 176 160 105 221 71 79 43 154 253 187 213 15 123 8 15 27 30
91 61 19 174 19 213 82 97 233 64 233 11 126 222 35 176 250 185 221 99 77 3 16 221 179 213 9 59 122 38 43 86
71 249 133 177 141 221 198 143 206 249 138 76 142 184 84 238 193 71 120 93 159 105 219 176 173 92 207 118 136 62 153 92
91 249 51 166 61 221 210 160 235 232 138 77 174 216 82 162 128 97 252 87 207 43 154 225 187 220 15 122 74 15 27 94
164 224 170 186 205 229 227 200 214 87 193 19 16 216 122 8 217 200 51 211 30 103 90 49 93 8 219 108 145 25 244 194
103 132 140 189 141 62 204 171 206 115 138 87 209 104 27 235 201 70 123 175 157 97 91 177 143 123 223 20 152 125 216 20
165 110 172 177 140 63 140 138 214 246 128 31 195 104 83 11 201 69 122 63 236 101 95 20 136 195 223 117 220 121 89 4
135 232 235 154 92 165 187 204 30 87 65 151 241 206 125 72 223 89 19 223 34 7 62 243 77 14 159 108 149 219 177 208
70 245 123 74 254 101 151 255 203 222 24 109 84 252 237 50 151 83 93 98 247 35 186 107 57 28 37 190 156 122 199 243
170 92 46 222 69 245 253 230 213 86 84 23 56 220 55 105 205 123 147 135 231 255 54 255 67 59 218 11 95 93 124 222
118 253 253 94 139 193 159 236 203 214 169 139 104 236 111 19 249 251 203 195 86 99 186 241 59 16 79 63 209 119 167 94
7 108 140 177 141 63 140 143 206 250 138 76 195 40 87 171 201 70 122 29 141 101 87 144 141 91 223 52 216 124 217 4
71 204 175 151 141 118 175 174 248 243 139 18 208 116 93 111 201 70 120 159 249 209 255 224 173 58 223 20 136 115 177 116
13 234 146 187 127 165 186 212 142 25 85 98 252 211 232 142 166 121 150 91 19 22 138 241 132 213 42 234 138 31 169 161
146 19 62 158 143 192 188 37 156 22 150 179 236 126 42 75 230 51 251 193 116 205 7 253 226 51 218 131 4 4 165 79
246 97 240 24 203 85 148 204 207 244 176 11 12 220 111 11 236 209 251 211 70 103 170 240 27 80 79 63 81 125 165 87
145 144 155 191 50 173 49 18 60 25 83 114 181 254 40 105 230 59 31 1 147 156 48 35 197 163 122 192 144 9 1 131
141 106 20 187 108 136 171 144 220 17 81 84 253 67 136 207 34 105 2 78 35 84 138 229 132 186 250 224 28 131 9 160
150 120 187 250 238 193 191 220 138 94 16 231 124 223 233 11 183 121 55 211 194 71 154 241 248 128 111 234 157 59 37 219
95 157 227 246 247 246 87 254 211 202 156 111 120 253 183 116 183 242 157 103 244 75 184 239 123 95 229 254 183 246 244 127
9 148 123 121 116 172 121 55 252 9 126 112 189 183 160 112 7 58 22 8 179 188 32 127 111 255 48 192 194 128 195 187
56 235 113 72 114 195 79 252 65 36 124 234 59 71 165 52 126 216 6 234 203 178 108 125 116 140 33 172 119 155 102 169
6 203 255 95 106 192 177 224 175 156 118 162 108 215 172 70 38 115 235 192 66 233 42 233 91 34 103 195 229 34 37 235
1 9 191 53 173 255 180 7 238 251 138 8 182 184 85 170 129 103 120 17 21 233 211 32 141 223 95 19 192 120 217 14
66 217 183 87 175 216 183 164 238 153 58 32 236 188 101 230 162 119 234 81 83 233 170 225 41 118 86 67 194 22 133 47
59 21 91 172 83 209 82 97 225 64 249 43 127 222 35 176 250 185 148 227 77 3 16 157 179 197 11 43 127 38 43 87
57 29 90 174 83 215 82 97 225 64 109 11 127 222 34 176 186 185 149 99 77 163 16 29 243 205 33 11 121 42 106 146
69 201 157 163 157 220 194 164 206 249 138 8 150 184 81 226 192 100 120 93 95 105 219 48 169 253 15 119 136 59 25 14
85 137 173 175 140 76 196 140 206 219 139 0 211 120 89 106 193 70 120 95 29 65 251 32 201 191 255 92 128 123 208 106
85 201 141 175 141 76 70 172 206 249 138 0 215 56 82 98 193 70 120 95 31 73 219 32 169 239 239 85 152 59 217 2
81 249 10 166 29 140 82 164 170 224 138 13 183 152 82 80 192 101 125 87 79 9 218 49 249 221 143 121 8 11 25 26
83 249 51 134 63 221 178 224 238 200 131 8 238 220 101 164 162 113 248 83 71 33 186 237 185 84 15 59 64 6 7 111
65 9 157 245 173 223 180 167 206 249 138 8 150 184 85 170 129 102 120 89 21 233 243 32 173 223 87 87 192 120 217 14
40 239 113 73 114 195 111 246 69 36 124 234 57 7 132 180 94 186 6 234 201 186 100 127 102 140 164 160 119 154 102 185
9 150 122 121 116 174 121 54 252 13 126 48 191 215 160 112 55 58 22 12 179 188 32 127 79 191 48 64 194 128 195 233
32 78 55 95 44 165 199 242 196 10 252 96 240 81 181 109 72 98 38 74 224 165 98 189 65 186 240 16 83 249 116 169
118 253 173 190 207 193 151 236 130 214 136 171 100 252 109 3 249 243 243 227 66 67 154 185 121 0 207 63 21 127 182 242
183 4 197 189 195 110 45 67 29 210 65 151 79 110 59 253 119 169 18 39 37 214 118 140 133 242 90 2 188 109 33 212
118 79 3 162 133 98 198 231 37 44 186 71 2 34 37 80 232 194 12 226 88 171 8 230 176 132 142 23 233 91 250 0
160 30 124 95 100 235 211 50 84 14 124 48 50 113 165 109 89 122 2 42 160 246 96 63 71 30 112 1 87 249 84 169
151 12 143 183 128 54 172 3 148 210 195 215 245 110 51 235 245 103 185 165 181 213 29 74 129 103 251 128 136 113 185 84
242 61 108 132 206 69 159 107 136 254 152 47 20 190 119 2 175 215 85 165 252 11 186 74 249 13 237 188 29 98 54 91
200 196 253 193 150 124 251 158 106 179 46 18 25 47 216 98 39 86 123 216 210 252 181 226 111 47 150 68 167 209 225 40
22 154 148 179 131 132 184 133 191 191 115 103 236 106 72 11 167 71 37 145 23 216 27 225 140 242 223 194 136 64 137 31
118 189 99 78 95 231 222 233 139 234 185 79 122 252 61 50 157 247 221 37 233 35 154 223 59 30 45 190 89 110 118 119
190 235 225 186 206 193 159 204 150 214 144 175 65 204 127 11 127 217 163 247 110 103 174 50 120 2 207 61 245 127 149 242
127 140 233 244 125 86 90 170 155 211 164 59 106 125 191 181 159 241 145 52 188 111 40 223 123 223 197 127 215 236 84 102
61 92 58 147 180 124 119 246 56 79 246 181 30 55 163 125 237 210 134 46 185 254 56 234 240 23 246 2 194 93 253 121
133 234 146 155 164 157 38 212 255 27 85 112 172 211 233 237 165 107 38 94 51 212 138 241 172 218 86 234 146 155 169 173
169 135 44 169 188 135 216 63 86 93 148 215 147 8 50 65 205 3 31 157 190 40 87 149 232 25 186 212 156 12 217 80
191 85 106 183 224 126 87 247 17 79 254 183 26 54 166 121 255 222 134 38 253 250 113 110 242 175 244 130 193 220 236 125
