79 249 128 162 57 157 90 188 171 249 136 77 238 202 86 214 196 101 253 85 223 75 218 241 159 84 143 254 24 22 27 28
189 127 46 7 83 87 23 248 52 238 238 191 66 116 2 181 57 212 202 226 237 247 125 62 123 103 229 147 99 127 62 247
223 84 117 188 41 22 94 57 209 90 215 214 207 110 187 247 215 245 188 175 237 135 127 223 163 251 203 150 62 246 40 85
13 221 183 119 163 220 183 164 236 82 106 0 252 124 43 226 163 119 248 71 197 249 63 105 231 255 70 2 66 118 165 111
71 249 128 162 61 157 90 132 239 249 138 77 174 216 86 150 128 111 253 85 159 73 218 241 187 92 15 122 8 30 27 31
56 64 126 236 21 135 90 120 69 0 247 3 91 217 56 80 120 188 31 232 72 179 17 156 243 237 162 65 119 139 120 2
150 36 149 186 189 229 86 136 159 31 137 16 206 254 105 139 217 83 221 19 58 69 74 246 169 210 223 127 144 91 165 2
87 91 23 202 44 144 238 136 237 24 219 98 200 202 173 230 108 209 238 226 207 129 75 229 176 176 138 222 17 19 241 37
179 73 107 92 94 149 202 80 197 64 244 142 49 204 181 32 110 168 19 206 203 167 54 189 19 73 128 56 125 185 114 252
188 45 78 7 147 90 103 224 116 230 230 134 67 98 3 209 120 206 194 234 109 244 125 46 117 39 229 1 107 116 110 212
71 187 132 154 57 148 186 136 174 248 129 205 236 238 94 198 199 101 249 215 135 67 219 241 136 50 207 254 28 38 41 85
135 176 187 218 194 229 185 65 190 81 65 18 52 222 108 104 165 59 19 145 51 221 58 81 89 10 154 74 144 0 161 178
91 78 231 220 37 66 237 180 225 78 214 34 209 216 191 111 120 228 61 235 236 199 165 232 83 42 234 129 39 181 116 109
61 90 114 79 87 211 235 112 69 64 117 230 104 77 183 164 126 160 146 238 193 179 44 221 102 105 128 128 127 175 120 245
16 137 11 173 22 194 171 246 52 0 90 194 181 135 48 64 126 59 23 201 83 152 16 127 237 164 170 192 61 130 33 184
3 157 10 201 210 247 58 247 13 73 94 199 44 46 54 100 246 59 147 133 151 152 49 221 63 55 138 194 28 14 169 213
3 133 106 169 242 182 187 127 28 73 88 135 237 46 54 96 247 139 19 141 151 152 53 215 46 111 186 192 29 2 169 220
120 188 253 80 171 217 81 87 227 63 180 56 51 149 192 187 131 178 204 24 58 111 226 51 219 203 113 251 227 136 198 43
82 20 142 188 139 102 84 199 188 159 202 23 5 187 35 91 233 231 171 177 60 203 18 66 249 231 222 27 185 113 173 26
10 209 16 169 215 193 247 231 13 37 92 35 44 25 32 68 218 155 131 97 82 56 65 245 109 148 134 103 23 14 148 138
109 117 17 71 117 95 102 56 109 232 127 76 222 80 13 180 144 92 196 106 197 176 121 204 39 220 5 22 74 55 75 181
105 120 186 99 97 205 117 21 227 233 125 12 191 151 67 24 132 57 117 88 74 50 242 32 231 221 52 40 202 146 74 171
115 233 35 162 31 205 75 224 35 164 136 11 47 140 82 52 184 173 93 255 74 35 184 189 177 196 9 125 97 15 22 110
7 153 19 217 211 165 187 202 30 17 64 82 156 214 44 108 247 27 18 144 51 152 58 247 13 20 154 70 152 9 161 183
134 171 105 155 214 227 171 202 22 101 93 179 149 199 121 8 123 27 147 209 50 152 105 247 77 5 171 237 181 137 53 240
19 205 102 188 118 128 172 119 133 1 80 231 57 143 180 64 110 171 23 141 248 139 6 253 114 104 190 192 61 132 177 136
38 143 14 155 252 173 174 237 142 61 89 2 228 232 120 193 217 10 147 19 50 56 74 247 45 22 143 108 148 75 209 129
3 131 98 137 116 146 234 115 68 73 90 102 89 42 180 228 126 138 23 233 221 154 37 213 20 44 170 192 63 138 240 133
11 203 106 136 118 147 190 247 77 68 92 167 168 12 182 32 238 35 151 197 198 184 37 253 118 29 174 193 85 158 253 207
2 133 8 255 236 132 190 237 142 27 216 130 245 238 56 64 221 83 63 227 90 11 74 247 236 247 175 204 20 98 177 128
189 5 107 236 85 86 66 104 85 128 239 18 83 73 57 240 120 140 19 234 105 183 49 142 115 233 128 0 115 187 112 32
216 13 96 5 147 91 71 188 119 228 238 135 67 100 147 244 120 228 232 110 108 176 117 62 167 231 133 1 99 190 92 94
223 126 132 165 171 59 28 222 58 250 128 237 143 46 67 155 167 197 253 181 189 75 133 2 186 195 111 180 172 244 139 17
8 203 58 168 214 147 190 247 20 4 92 131 173 13 50 0 254 187 135 161 94 186 32 253 255 197 174 193 53 10 189 218
61 110 64 169 222 51 206 216 83 178 185 239 67 72 255 136 93 200 134 255 142 98 77 186 62 77 165 252 255 255 122 132
143 84 252 91 161 119 159 188 157 95 87 180 93 127 175 175 151 83 149 110 183 196 47 175 99 219 125 195 150 213 141 245
201 190 189 31 170 189 189 191 250 95 5 244 252 246 202 107 7 82 250 14 179 76 255 113 76 35 127 248 156 192 129 121
189 64 122 236 69 86 79 80 81 198 229 10 83 209 51 160 120 248 147 234 232 183 52 142 115 233 128 8 123 187 116 176
199 160 58 26 73 157 88 72 239 81 161 29 72 200 126 158 144 161 106 46 135 103 190 81 18 24 1 126 88 166 106 20
71 235 132 142 45 157 218 136 143 249 129 77 238 202 95 146 196 101 253 215 207 67 219 245 158 84 143 190 26 15 27 87
79 199 132 159 141 52 174 191 190 219 155 213 205 106 222 207 197 71 123 223 183 200 223 225 174 126 223 204 142 245 185 84
246 68 230 22 207 113 158 236 153 214 161 187 72 236 127 31 121 211 227 227 108 103 190 226 51 18 205 63 247 127 246 214
202 218 118 222 79 212 188 247 155 95 116 23 40 222 54 239 231 51 179 133 231 95 178 243 55 58 222 139 23 20 237 223
14 181 185 154 251 253 177 203 143 125 29 63 140 222 110 10 167 27 215 49 22 35 58 211 95 85 15 255 210 78 133 247
123 249 18 170 121 221 82 224 235 72 168 13 47 218 98 144 190 169 220 99 79 35 154 189 179 221 1 59 122 6 42 95
91 121 19 46 25 221 82 96 239 200 169 12 238 218 37 180 160 177 220 66 79 35 154 253 179 253 3 59 90 38 11 23
163 217 214 222 111 29 150 180 205 82 244 110 104 184 165 231 206 114 186 66 229 47 115 251 55 122 84 27 95 28 88 61
11 201 96 138 247 211 191 245 77 68 92 35 168 28 54 36 222 42 147 69 214 56 36 253 103 92 138 195 23 142 245 239
221 193 129 94 215 65 135 168 86 196 199 10 113 241 121 101 120 238 50 218 73 242 255 56 121 2 207 109 191 58 112 34
87 135 134 159 139 50 190 172 159 211 219 247 76 106 63 203 247 71 249 247 244 195 15 226 186 118 207 143 141 119 185 86
114 233 42 72 29 212 67 205 227 4 166 8 2 218 118 116 248 229 104 209 94 11 178 225 185 252 142 91 1 2 246 46
90 190 94 176 170 136 80 23 171 31 182 253 47 135 194 91 167 191 237 20 62 79 130 97 218 241 124 251 166 132 143 27
96 61 229 85 124 170 161 55 120 169 122 120 178 60 196 114 130 62 122 1 145 248 213 14 69 46 122 128 76 64 83 43
182 249 124 75 94 141 150 228 136 20 53 15 98 89 14 17 168 185 195 99 86 42 88 125 127 1 13 123 121 26 219 130
39 231 228 19 174 51 158 237 94 191 152 231 192 104 223 139 221 67 251 247 246 99 79 176 42 6 239 247 221 127 217 213
118 46 224 140 205 96 29 235 139 150 136 143 108 174 115 90 221 213 251 167 72 71 219 202 157 54 207 191 148 124 52 90
41 142 123 101 116 142 105 55 125 13 126 120 183 51 144 112 22 46 6 12 177 184 97 15 231 255 48 192 192 128 194 169
207 31 41 26 184 253 159 184 156 238 29 252 220 118 139 105 151 115 220 103 241 4 238 63 104 23 111 252 28 247 133 117
176 5 123 224 20 6 203 97 80 34 226 83 19 28 52 17 252 157 21 225 104 183 81 15 241 136 170 16 101 136 118 2
41 151 58 201 245 215 190 127 92 9 93 66 168 58 52 224 216 26 146 160 215 186 112 223 39 125 138 75 22 10 248 142
75 249 149 21 173 156 164 151 235 249 170 76 174 184 84 174 129 103 248 29 151 105 243 224 175 126 87 90 202 124 219 13
71 235 132 147 173 31 172 142 207 249 154 69 204 232 95 238 201 71 251 85 215 105 223 240 172 30 223 254 156 126 217 92
177 209 83 205 214 151 238 245 85 0 92 70 49 19 180 224 126 138 22 172 249 184 48 157 54 172 170 0 63 136 240 184
3 157 95 169 18 160 184 55 172 65 90 199 189 46 32 192 39 51 19 133 23 152 20 221 172 38 26 194 188 132 169 89
17 137 131 172 85 128 235 231 214 1 202 2 49 234 49 64 120 234 18 205 10 187 148 239 57 172 154 8 21 8 112 136
222 87 198 150 138 34 62 172 184 150 211 247 109 234 47 203 119 231 237 231 180 197 143 234 184 34 255 131 173 119 169 23
167 44 132 21 172 63 236 191 223 250 178 92 211 40 215 175 137 70 126 47 229 228 71 170 6 26 245 180 207 252 218 157
3 159 34 154 243 180 184 39 156 69 88 183 172 238 54 96 230 59 147 133 182 136 38 247 44 52 154 203 20 4 173 223
125 180 184 114 233 61 80 222 123 111 61 28 63 251 74 56 149 214 245 24 186 126 250 50 219 255 117 58 234 224 202 67
183 231 228 155 205 51 190 236 215 182 157 191 200 104 127 15 217 75 243 247 182 103 79 246 42 91 207 255 223 127 217 198
6 180 148 155 171 45 184 79 158 51 153 179 140 222 108 204 167 27 191 145 18 69 75 211 140 208 26 246 148 72 133 151
77 17 252 241 226 52 61 17 174 121 87 166 157 183 218 107 39 95 183 158 147 80 191 240 76 233 123 228 134 193 129 241
124 151 37 142 154 101 19 184 4 204 189 239 82 245 171 98 92 210 172 226 153 35 123 56 249 32 225 252 59 111 4 115
38 176 185 186 217 213 176 207 158 29 57 29 132 222 108 128 137 27 227 145 23 106 250 115 11 20 159 111 208 8 167 214
26 217 82 140 87 209 191 230 133 68 220 162 40 218 166 132 122 185 147 192 66 171 4 253 48 76 138 139 127 30 49 159
2 153 98 155 245 128 190 103 156 13 90 39 172 154 54 64 234 43 147 129 82 152 0 255 36 60 154 195 29 12 245 203
134 40 130 145 110 160 168 194 30 178 81 50 140 138 241 79 107 105 19 211 2 214 202 224 28 16 203 224 140 101 57 128
198 104 163 151 76 168 168 64 90 210 81 66 172 200 117 75 106 253 51 211 128 118 142 224 21 56 218 168 133 127 113 136
38 186 176 154 233 253 144 203 26 93 25 61 132 190 78 154 141 91 243 17 150 74 218 241 15 22 223 255 152 69 151 247
188 103 115 232 252 35 198 251 85 166 184 254 75 233 253 128 127 152 135 171 232 39 8 154 178 205 167 62 127 250 240 177
6 104 158 189 237 192 188 73 156 218 80 3 156 211 97 73 250 105 51 194 65 214 130 192 149 176 207 139 153 120 41 131
10 150 54 184 243 241 184 70 143 29 88 179 12 254 38 64 231 59 151 145 22 139 2 215 10 119 154 203 150 4 45 223
180 4 122 232 86 22 82 72 81 4 225 19 67 25 62 80 250 140 17 36 44 182 48 14 211 236 0 69 117 138 114 130
212 72 159 100 40 74 167 112 164 170 162 64 215 243 1 75 48 100 108 106 105 213 153 8 241 170 103 20 64 243 97 32
72 129 19 190 48 200 125 37 172 9 83 112 188 215 40 225 166 51 95 11 3 9 130 229 229 180 58 136 2 130 133 41
95 108 231 212 13 82 108 100 169 202 158 66 72 222 181 239 96 229 253 239 201 199 166 200 19 122 222 139 7 119 120 124
41 12 121 101 116 239 105 55 125 173 126 92 179 39 144 48 27 174 6 12 177 184 117 14 110 191 48 0 98 200 198 249
3 24 27 191 116 151 186 66 159 72 80 2 180 218 33 96 252 59 18 66 39 152 58 255 165 190 138 138 24 11 33 171
70 105 99 222 90 210 111 112 164 132 207 130 233 199 177 100 106 125 59 207 192 147 174 238 117 108 143 136 38 183 53 224
222 15 135 117 163 114 184 35 168 150 130 181 205 102 129 223 39 117 237 182 52 201 167 140 138 243 79 149 174 229 47 85
118 123 232 192 150 3 71 149 67 164 156 238 3 1 213 20 90 252 5 243 200 18 197 168 248 128 173 189 37 186 214 41
212 102 90 39 114 10 126 56 60 44 123 229 197 3 138 81 54 13 135 102 228 148 13 14 102 225 34 133 36 179 15 129
202 154 148 159 43 172 180 190 174 27 2 213 236 103 1 203 167 83 233 4 6 77 27 117 196 50 90 146 152 68 9 27
87 111 75 67 158 142 239 224 44 32 123 66 211 226 157 96 122 228 126 110 193 177 173 60 180 172 175 132 101 179 211 36
34 167 100 183 108 32 232 97 9 241 219 219 137 172 92 131 72 239 183 135 152 90 198 224 140 121 218 232 5 14 210 192
76 115 17 65 49 31 99 16 105 108 123 108 206 3 136 148 148 28 204 98 129 144 105 12 132 208 33 134 74 135 67 53
7 57 171 144 164 166 169 199 238 213 72 5 148 252 117 106 135 107 51 21 150 216 190 64 137 28 15 46 132 98 177 244
157 231 232 87 130 43 199 252 114 190 60 56 83 101 219 61 51 78 100 238 168 116 239 58 233 203 101 188 231 245 199 227
121 99 72 164 28 155 200 43 71 228 152 143 163 8 215 128 216 173 108 117 204 107 197 156 152 213 169 189 109 14 90 76
11 233 10 232 85 151 239 103 86 161 92 2 189 154 48 36 248 170 18 217 10 186 48 253 185 132 143 96 21 8 177 168
64 140 59 81 116 232 33 7 252 89 107 112 182 180 132 120 130 39 106 0 19 184 224 71 13 62 50 67 128 0 199 111
104 246 120 191 110 232 187 114 128 79 125 175 189 237 26 2 142 123 183 131 134 58 230 37 70 225 122 169 101 139 7 219
87 22 214 133 166 42 46 16 108 138 27 246 205 34 153 207 55 69 108 174 180 213 13 194 148 230 107 132 173 243 41 21
45 184 178 19 181 127 243 240 222 251 37 28 222 48 242 175 145 68 90 126 181 117 56 180 79 95 69 116 218 111 81 246
179 228 109 31 14 200 232 45 92 114 67 18 115 8 156 105 112 12 58 43 230 244 111 21 148 42 210 64 85 8 80 108
8 95 65 237 48 139 110 178 22 160 74 196 151 39 129 224 94 124 30 76 41 152 85 30 164 231 166 0 62 248 16 184
184 101 112 225 79 75 214 72 65 166 177 26 11 25 85 16 120 156 215 227 104 55 65 154 179 201 129 55 119 187 86 130
167 245 44 10 253 29 196 172 67 244 181 29 98 92 31 181 153 130 196 117 239 98 126 159 191 218 197 62 219 94 90 124
199 32 89 219 108 136 233 0 168 17 33 152 149 131 80 75 230 9 90 28 2 32 150 64 69 152 74 104 28 130 3 160
177 12 106 220 93 135 203 66 212 64 240 2 49 136 53 33 104 168 19 207 232 175 54 189 83 105 130 8 117 41 112 138
102 181 148 186 189 225 22 168 159 183 129 56 206 246 105 223 209 211 235 115 58 67 90 240 187 210 207 127 144 123 133 3
27 217 42 190 22 130 238 117 212 64 216 135 161 136 50 64 120 170 23 205 206 187 20 255 240 100 170 128 61 30 184 206
50 207 98 204 118 129 206 230 5 0 216 227 33 140 182 4 94 250 151 197 202 186 68 255 50 108 170 137 119 158 116 140
190 62 174 95 219 87 23 252 53 238 246 189 66 125 131 53 253 214 253 103 237 215 121 174 123 103 101 147 107 253 54 247
166 177 54 216 255 213 176 201 155 121 49 59 12 254 110 41 175 19 151 49 182 107 58 214 91 18 15 255 147 12 135 247
48 129 2 172 85 192 224 71 214 9 216 2 32 194 48 192 120 170 2 153 74 171 0 221 57 36 154 9 17 8 112 138
92 157 142 190 153 102 22 247 180 203 202 53 158 183 34 82 233 231 255 211 28 139 146 34 249 231 254 201 184 85 172 91
251 89 103 188 45 80 76 37 161 66 194 226 107 222 182 247 64 228 253 207 205 135 230 233 178 123 202 155 38 180 60 109
3 133 40 171 180 166 187 231 30 77 92 2 241 58 54 96 252 43 19 137 150 152 49 223 109 175 170 192 28 2 185 202
150 84 63 186 234 101 159 232 152 31 145 115 84 254 109 11 205 83 91 227 242 71 154 115 241 131 255 190 144 115 167 179
8 150 123 81 116 239 105 55 125 77 126 112 183 55 144 112 7 42 6 12 179 188 96 79 111 191 50 192 66 128 199 249
15 249 253 225 166 80 125 149 47 121 86 164 157 159 250 234 38 93 183 220 210 216 175 224 206 217 127 228 174 150 141 241
195 147 221 197 162 42 61 159 58 251 18 246 221 38 201 107 39 87 63 156 177 216 191 192 12 170 127 196 172 240 129 121
182 231 232 204 206 67 135 237 146 182 184 139 65 237 127 3 123 218 131 227 104 99 46 154 121 6 207 61 245 122 246 226
91 121 19 170 27 221 82 96 237 72 233 13 46 222 35 176 186 185 220 99 79 35 154 253 179 213 3 59 90 6 43 95
171 217 106 76 119 147 174 244 85 64 116 166 40 204 183 164 126 40 146 239 197 191 52 253 50 121 138 131 95 156 121 221
182 68 121 227 135 107 222 228 69 162 177 59 11 25 29 9 248 213 151 227 104 183 73 186 179 222 144 55 119 251 212 130
129 85 218 246 228 156 252 183 233 139 62 4 255 250 255 58 135 115 52 8 229 185 146 98 230 157 118 0 72 216 203 137
237 190 186 118 224 173 113 222 123 107 124 124 191 255 203 24 151 223 117 24 186 118 250 51 223 255 53 168 234 209 194 251
5 152 23 185 147 167 169 218 94 25 64 70 156 146 97 237 253 27 18 209 147 152 51 245 141 192 154 70 152 9 33 167
19 149 106 137 214 199 190 103 12 65 94 135 52 174 54 96 254 59 19 149 215 152 52 223 127 36 138 195 61 14 185 223
1 28 51 255 52 199 187 66 222 8 88 98 180 210 33 96 252 59 22 66 35 156 58 255 229 190 170 138 16 11 37 171
131 233 18 152 85 215 235 103 213 1 84 2 164 155 48 36 104 42 18 201 114 186 48 255 45 20 142 75 23 12 176 174
9 174 123 119 116 174 105 55 124 13 126 16 179 49 144 48 6 46 6 12 179 184 96 15 102 191 48 64 96 136 198 233
2 203 106 137 119 145 191 245 77 68 84 131 40 12 54 100 110 43 147 197 214 184 36 253 103 28 142 193 87 156 245 206
163 98 130 158 77 5 172 206 158 154 208 26 164 200 121 203 201 104 51 67 70 118 194 225 21 48 222 41 17 57 57 136
58 207 98 140 116 211 238 230 85 68 208 227 33 204 182 228 124 171 151 205 238 186 36 255 50 44 170 137 119 158 116 220
56 167 113 229 180 51 206 127 85 162 184 238 11 41 176 133 127 206 23 173 249 187 73 142 186 223 175 180 255 252 240 177
4 141 30 187 188 143 190 233 142 48 75 5 212 250 42 64 209 42 59 39 82 57 26 61 237 151 143 116 16 106 153 130
188 120 58 99 53 223 83 212 247 172 180 12 191 153 67 48 156 185 196 88 170 181 120 62 235 221 32 113 98 155 74 107
10 207 114 201 87 195 191 247 13 0 94 227 44 13 50 68 126 59 131 193 82 186 0 253 117 84 142 195 23 140 180 154
34 120 129 137 79 97 173 207 14 177 88 138 160 156 101 46 105 27 147 145 3 126 210 208 61 4 158 42 221 88 53 190
33 141 58 201 148 167 183 103 92 1 77 3 181 58 50 96 216 42 19 161 86 184 104 159 105 173 138 65 16 10 249 130
247 71 82 168 180 50 94 239 85 2 248 230 75 107 185 208 254 195 140 226 253 35 77 254 178 252 134 158 63 255 248 5
130 113 155 189 199 198 188 71 158 192 64 2 156 154 96 73 234 57 51 145 64 222 146 192 213 176 222 3 21 40 165 138
178 169 2 186 85 196 234 101 149 1 248 2 40 203 48 0 120 187 131 193 74 187 16 255 57 164 138 9 113 10 122 138
18 205 82 156 94 209 190 231 132 0 216 226 44 218 180 68 106 171 19 193 70 171 6 255 50 68 138 139 61 24 165 143
19 141 123 190 210 192 57 103 172 65 90 146 61 174 176 96 102 51 19 133 51 153 36 245 56 36 26 192 52 128 161 248
6 111 35 206 88 130 111 112 164 132 203 2 233 199 181 100 122 120 59 202 64 155 46 238 55 44 138 136 36 179 117 228
184 69 114 236 21 22 106 120 69 0 255 67 91 25 57 81 120 180 31 234 232 183 17 142 242 233 162 133 119 171 120 2
79 233 128 163 61 157 218 140 143 249 138 77 174 200 82 130 196 101 253 87 207 9 219 177 169 85 143 126 8 31 27 92
91 249 19 46 27 221 82 97 239 192 169 8 46 222 37 180 178 185 220 67 79 35 186 253 179 253 3 59 90 38 43 23
67 249 183 87 173 220 182 134 235 249 170 76 174 184 84 166 128 119 248 81 215 105 179 225 175 124 23 122 202 30 139 46
99 88 223 222 78 92 182 70 200 194 240 166 112 252 165 235 206 113 186 66 197 103 246 233 55 58 86 27 89 121 121 221
141 196 237 83 198 118 239 188 112 118 79 146 81 109 27 107 61 222 51 190 241 244 61 98 111 43 199 68 167 243 245 240
189 95 238 21 211 122 39 178 116 198 238 151 195 100 2 245 121 238 234 238 109 244 125 46 103 231 229 1 99 124 238 214
2 133 19 201 215 211 182 231 13 32 88 34 44 157 44 196 248 59 147 97 82 184 0 253 47 20 134 99 23 14 181 174
75 249 147 182 61 221 178 164 239 233 138 12 190 216 68 166 128 103 248 81 199 41 186 241 185 124 15 122 8 14 27 94
218 22 175 181 34 54 184 2 172 91 211 247 237 62 179 203 231 55 189 133 161 213 19 192 128 243 250 131 140 101 37 123
94 120 18 254 11 192 26 200 171 136 177 1 110 223 33 80 246 241 221 194 14 3 154 249 211 241 11 187 50 55 39 19
255 13 100 158 173 54 92 57 209 210 135 28 106 124 23 255 205 165 124 175 237 103 127 223 147 122 193 31 30 246 88 68
176 4 70 252 150 227 228 107 87 130 242 146 67 225 184 64 121 174 14 168 56 183 5 159 248 174 167 1 181 232 244 136
124 141 172 224 157 246 79 142 135 149 142 2 91 127 59 114 105 210 57 252 26 11 57 188 251 207 133 85 179 243 244 98
166 176 185 177 251 253 176 206 155 249 48 125 132 222 77 26 135 91 243 17 151 78 218 242 13 20 31 254 216 64 131 215
71 219 209 221 162 19 30 154 31 224 80 238 255 212 225 236 23 93 52 102 199 80 199 153 38 254 37 180 62 253 1 21
25 139 19 254 52 134 169 119 220 8 90 66 60 179 32 64 236 43 22 76 209 155 0 255 241 172 170 128 24 10 33 169
250 29 107 79 155 87 87 188 87 236 254 175 98 252 22 116 253 246 253 101 237 243 253 190 115 111 165 147 107 126 252 127
200 21 158 181 227 106 53 23 176 190 62 24 223 63 65 11 163 119 225 35 48 252 147 8 229 195 119 1 194 121 141 163
94 195 236 234 142 2 79 184 6 180 157 163 65 99 249 66 127 213 61 235 202 3 79 145 248 197 175 253 181 251 52 96
104 253 177 30 217 229 135 236 198 193 137 8 240 244 72 230 217 122 234 64 3 43 250 51 61 36 13 58 82 127 148 234
182 99 237 187 158 97 159 200 150 87 145 179 209 204 123 11 95 73 75 247 62 103 111 49 232 1 239 253 181 251 181 210
63 103 96 5 213 91 127 234 113 228 254 139 11 104 215 148 56 204 198 108 236 242 229 142 126 95 133 53 103 253 94 196
246 212 236 94 143 118 150 232 154 246 161 155 64 124 79 59 221 215 249 243 188 103 251 160 59 35 205 191 213 121 244 86
147 209 119 221 214 150 236 117 212 80 86 86 57 26 180 103 110 128 19 232 241 220 53 221 38 42 250 128 61 136 248 156
113 43 168 165 60 31 88 59 70 236 158 141 131 8 82 2 204 133 125 213 204 42 197 24 206 197 169 189 109 172 90 90
4 244 120 237 118 169 187 254 0 1 92 175 181 207 152 0 62 153 23 172 130 50 196 117 100 45 170 232 231 155 135 241
38 188 153 185 248 173 144 207 27 57 48 125 132 222 72 8 141 27 71 21 151 110 202 243 141 148 31 254 216 9 131 151
13 24 191 191 143 254 162 82 220 194 91 71 220 252 49 234 204 97 122 95 181 161 127 42 197 47 107 16 220 127 49 243
42 63 250 83 247 235 242 215 95 193 124 184 171 221 182 37 15 58 151 17 178 248 68 190 111 93 20 227 231 221 223 175
33 237 107 74 93 133 239 117 197 140 124 8 48 213 180 52 88 186 19 206 123 186 122 127 101 28 132 104 91 138 242 184
5 149 29 251 178 174 55 191 62 17 75 116 245 115 8 97 23 27 16 25 179 216 89 63 237 174 63 68 188 194 129 177
28 133 4 160 189 167 82 250 7 53 143 3 223 113 58 193 89 146 155 122 58 225 89 156 251 193 133 85 182 207 188 2
45 104 172 129 37 159 75 148 203 248 22 76 150 132 211 62 140 108 116 95 137 253 178 32 203 25 5 116 200 191 88 124
51 204 67 220 28 133 206 246 132 0 208 66 49 203 176 97 104 170 23 200 107 171 38 253 176 168 186 136 61 152 112 168
83 157 190 22 147 220 119 183 253 91 78 64 126 249 56 102 163 71 125 15 211 249 155 103 187 254 86 67 42 98 137 47
3 36 146 179 252 169 184 74 191 27 89 82 172 235 104 8 231 27 23 21 54 124 138 210 12 222 26 234 156 200 9 137
19 203 78 188 4 128 236 247 132 0 218 70 57 138 48 64 106 163 23 205 73 139 22 253 176 42 190 136 61 144 176 136
102 168 33 58 73 253 202 200 171 84 161 141 106 204 95 151 153 195 201 119 14 71 250 177 155 81 193 63 82 23 86 86
125 244 9 102 40 77 94 184 35 232 175 77 215 211 72 18 144 204 125 110 77 66 217 32 251 253 37 253 104 163 202 2
185 233 24 40 80 71 67 248 0 12 245 8 115 211 35 48 56 136 20 234 74 3 8 63 241 201 33 61 113 43 102 234
67 187 151 150 234 184 56 150 175 89 90 237 172 230 194 223 167 111 127 5 151 88 167 225 156 114 122 170 12 198 163 93
39 128 104 203 124 145 218 216 71 65 221 151 89 200 190 100 92 136 23 255 159 38 127 215 22 13 170 205 127 143 248 212
55 205 3 142 213 195 238 236 101 128 232 138 96 232 57 112 120 234 74 239 77 163 12 254 184 36 135 48 117 187 114 140
185 193 87 221 118 195 237 117 85 66 114 242 57 23 180 229 122 136 22 232 113 190 36 223 38 168 226 192 61 136 240 185
84 33 221 231 162 106 107 16 36 162 47 160 215 51 201 122 50 212 108 186 25 208 169 0 204 231 101 4 160 227 5 32
173 107 236 65 172 91 203 156 80 252 180 171 211 45 215 43 31 204 117 124 168 248 229 34 78 11 245 244 231 185 86 233
195 128 140 21 139 54 61 39 169 255 135 149 200 38 214 95 167 231 253 140 244 205 247 192 142 58 223 151 138 116 171 93
167 126 172 177 140 55 140 154 222 242 144 215 195 104 95 139 205 69 250 55 236 103 95 146 136 91 223 180 221 125 89 196
143 100 108 27 210 191 173 220 30 87 69 158 249 64 155 169 63 106 83 239 162 212 127 61 68 11 93 32 191 221 155 240
57 131 192 236 182 3 78 253 85 161 244 230 75 43 182 84 126 204 21 232 252 187 13 140 186 239 229 149 191 174 248 8
61 190 251 115 240 239 113 223 115 251 124 124 191 255 200 57 151 223 213 24 187 254 168 63 239 223 53 228 234 193 194 243
183 150 238 30 223 51 158 251 19 255 222 247 104 236 190 133 127 239 179 181 189 223 63 223 58 103 223 135 191 108 189 213
63 133 227 4 221 115 206 255 83 230 220 207 65 108 191 164 89 198 146 175 253 250 125 158 58 78 197 181 239 254 250 220
57 61 90 174 83 223 86 97 237 64 237 15 127 223 35 176 186 185 149 99 77 163 24 159 243 197 1 59 121 38 42 211
70 217 156 187 186 141 30 141 143 49 139 155 236 238 104 72 231 19 255 215 82 73 91 241 189 210 31 254 156 94 137 85
243 254 175 109 186 39 30 254 21 234 218 125 114 125 148 49 221 215 117 103 236 215 97 174 59 126 109 146 229 249 182 119
146 133 46 239 148 194 158 109 132 0 218 2 245 126 56 97 232 19 31 225 124 137 1 189 227 161 170 209 20 10 189 10
154 157 18 152 139 148 60 127 143 26 140 86 140 179 98 197 231 59 191 136 80 11 18 209 179 241 207 207 58 100 169 7
6 28 19 250 86 231 187 80 30 8 91 66 244 214 33 96 252 59 19 195 35 154 50 255 225 166 170 138 16 11 53 163
31 249 255 227 230 80 121 148 111 248 86 226 157 159 240 102 38 221 183 220 211 152 175 224 206 217 239 196 47 150 165 241
184 69 83 232 149 35 110 118 21 10 250 114 75 27 53 193 122 132 31 171 105 183 1 206 178 239 162 132 63 249 248 2
154 219 2 237 21 135 158 229 28 0 210 199 169 13 52 192 110 59 147 193 105 169 17 189 163 193 142 67 29 24 185 154
86 120 26 254 107 196 86 216 163 136 249 41 111 223 33 80 254 249 221 194 72 3 154 248 243 245 35 171 113 51 39 19
183 213 104 138 207 119 223 252 211 74 220 143 80 252 191 36 125 202 147 231 255 35 62 250 59 12 143 175 63 127 252 215
182 97 105 72 220 81 207 200 67 228 180 139 3 205 255 32 88 200 23 127 206 35 238 176 123 12 133 253 119 191 118 246
167 110 132 159 45 37 142 202 158 154 145 18 167 202 119 79 201 74 127 131 46 71 218 162 145 243 218 187 144 121 57 134
25 93 154 244 163 85 188 215 234 138 188 2 60 187 99 178 166 51 222 0 199 75 34 201 243 201 126 139 2 80 169 139
91 57 51 174 19 209 18 97 237 64 233 42 46 222 36 176 178 185 220 227 79 3 56 221 179 245 11 59 115 38 47 23
162 241 50 218 93 197 145 109 95 29 244 18 168 217 60 37 200 26 147 81 50 46 82 215 45 24 154 107 83 12 246 174
89 249 26 166 61 157 82 224 235 232 136 13 190 152 82 144 128 233 221 87 207 43 152 189 187 221 12 58 8 15 27 30
74 157 147 190 185 244 22 151 183 205 204 173 174 183 34 214 199 123 253 28 27 11 210 226 170 247 28 219 154 212 170 95
189 116 122 114 53 189 83 216 117 142 182 12 127 81 11 57 156 152 92 126 234 229 56 62 243 217 32 48 106 155 74 123
28 133 30 168 159 207 55 235 142 176 138 3 223 251 32 65 241 41 59 97 80 169 27 157 249 197 79 125 16 42 189 2
16 133 26 235 148 147 178 231 12 9 216 34 149 120 44 64 216 59 19 177 86 169 8 191 235 133 170 83 21 10 189 131
33 148 123 83 116 143 233 55 124 13 126 48 179 37 148 48 47 58 22 8 179 188 100 79 110 191 48 192 198 136 198 185
242 74 167 220 77 84 76 6 249 222 198 18 40 140 53 255 192 244 189 137 237 199 246 202 147 122 218 139 6 116 116 108
2 43 137 209 180 233 168 71 30 232 84 162 177 133 225 9 73 58 147 145 3 248 66 184 204 16 190 161 148 200 21 184
160 147 2 136 117 129 160 103 212 9 208 114 160 218 160 196 216 40 134 129 122 175 64 223 176 52 170 203 25 8 124 139
9 105 182 48 181 249 117 214 237 220 62 41 175 219 115 126 162 98 204 89 70 185 34 224 226 217 54 1 194 212 79 75
54 131 105 170 92 193 139 200 6 69 217 131 81 205 56 0 88 136 19 247 26 34 78 183 81 4 171 237 117 139 116 240
146 140 22 221 21 215 176 99 221 6 198 18 40 147 52 69 232 33 27 129 96 173 50 255 131 50 218 3 18 8 116 142
8 150 122 121 116 190 121 55 252 13 126 52 191 191 162 48 151 42 6 12 178 184 48 15 111 255 48 64 66 128 199 233
207 220 253 247 162 86 63 182 62 243 86 246 253 39 219 107 39 87 61 223 243 220 189 227 238 175 255 196 164 241 129 121
130 1 155 188 205 228 189 111 156 3 201 18 188 254 104 65 248 59 51 129 82 123 146 193 213 176 218 11 17 72 181 138
25 141 18 254 53 150 106 117 197 8 95 70 61 147 160 228 106 42 14 76 97 153 0 189 178 249 42 0 26 138 41 169
46 104 246 242 95 253 250 192 203 151 165 26 46 217 125 174 169 249 211 17 38 101 154 242 27 92 21 59 227 95 79 142
144 134 79 253 150 34 108 111 244 23 210 242 97 35 176 65 107 134 46 172 120 221 5 206 252 170 254 64 53 200 240 168
211 216 189 62 12 76 148 173 218 82 224 23 242 252 55 99 204 113 58 67 231 111 251 49 177 186 94 58 89 56 225 222
70 190 191 147 163 224 188 151 190 95 22 245 172 191 194 79 167 119 187 145 51 221 170 227 14 50 254 195 132 84 165 123
18 217 106 156 31 209 156 103 132 69 208 163 40 156 54 64 110 187 147 197 206 139 38 253 48 36 154 203 53 12 189 223
125 121 88 100 40 79 86 184 32 232 188 73 215 83 65 18 152 204 93 106 73 66 217 12 243 205 37 188 104 179 74 3
103 181 152 186 185 173 20 143 155 123 41 93 214 250 74 152 149 75 112 21 183 66 218 51 205 151 85 126 216 73 139 19
19 149 98 173 150 194 191 119 4 73 90 163 52 30 50 96 126 59 23 165 209 152 21 223 100 44 170 192 61 10 177 219
189 65 109 74 116 3 203 248 68 200 245 194 81 73 189 33 92 192 22 254 233 162 109 60 122 137 165 196 127 187 112 224
252 203 76 168 142 18 78 168 7 180 157 227 67 99 251 194 95 196 173 246 72 3 77 184 250 225 229 253 191 255 124 16
92 93 193 232 159 67 71 236 22 162 140 162 81 119 105 228 121 220 152 242 104 3 61 186 249 197 143 61 183 123 52 42
160 73 43 252 108 133 193 119 196 8 240 66 48 217 53 97 200 42 19 13 235 171 82 157 97 24 184 56 85 8 112 170
220 164 216 241 245 93 120 153 63 53 247 25 143 159 74 216 187 157 237 48 62 124 217 146 207 253 55 101 226 140 206 66
112 99 104 172 56 3 75 120 2 172 148 139 19 7 83 16 92 156 77 252 74 10 225 29 248 197 161 188 53 160 22 106
85 68 141 190 140 100 206 136 198 210 139 1 243 122 27 107 209 199 120 255 29 67 219 32 193 235 223 28 152 115 185 0
247 29 228 254 141 124 94 43 219 242 167 29 106 124 55 255 193 231 249 15 189 109 251 254 147 123 193 19 146 109 80 70
67 249 183 183 189 220 178 132 239 225 138 8 174 152 68 166 160 103 248 81 199 41 186 225 169 124 15 122 72 30 11 46
60 231 232 231 142 67 207 237 18 166 157 175 67 109 211 2 91 198 135 231 104 99 77 138 248 199 237 181 229 250 244 234
150 15 103 222 16 130 171 96 180 132 219 98 105 198 181 229 120 124 27 234 104 147 42 239 49 232 138 136 53 51 53 164
116 221 189 244 138 103 149 171 2 242 136 43 215 124 77 43 221 215 121 179 249 67 219 40 249 139 237 60 145 121 151 83
30 249 148 183 171 77 20 134 187 191 134 9 238 255 73 139 167 247 237 82 78 73 154 160 171 215 93 55 162 124 141 27
118 248 156 240 203 205 80 138 139 189 160 9 110 255 77 26 145 241 237 112 30 71 218 241 187 211 69 127 146 121 76 3
146 129 98 218 18 128 57 101 156 1 67 146 125 206 56 96 118 187 19 141 82 139 54 223 112 32 154 72 53 130 161 168
80 179 19 98 48 140 48 37 172 197 171 245 246 207 76 80 180 63 233 16 27 73 155 85 249 128 3 74 8 2 167 18
144 195 94 254 38 200 181 101 188 6 247 178 127 223 42 65 114 177 166 34 96 165 34 237 240 163 90 11 101 2 165 235
9 161 18 171 5 49 178 89 68 1 205 0 253 209 58 128 122 138 138 175 66 162 15 147 244 205 42 9 95 206 185 128
193 76 159 245 36 44 253 23 188 27 18 240 149 63 176 107 134 19 125 137 224 205 3 225 193 235 250 128 4 208 145 33
11 27 165 183 129 110 45 55 120 238 78 64 252 114 145 127 160 119 125 139 177 216 179 232 229 38 255 128 128 112 151 235
208 221 29 254 40 67 71 189 20 90 130 96 247 119 168 115 86 86 124 98 105 205 107 63 225 227 117 144 48 176 4 57
60 13 92 224 157 247 82 226 135 181 142 10 91 49 115 67 73 244 251 120 58 105 91 188 251 203 133 85 182 233 92 2
254 120 180 242 139 109 85 203 171 183 165 25 15 159 67 27 161 211 253 18 58 79 154 176 219 211 87 127 226 85 135 114
12 147 241 195 246 91 181 205 222 121 53 122 222 244 236 174 51 30 134 34 243 48 168 151 46 223 37 119 214 238 221 165
143 221 237 215 246 82 255 188 127 87 86 183 249 124 158 107 55 87 183 207 247 248 47 227 110 107 255 196 167 247 253 253
120 176 156 112 217 125 80 207 211 187 172 29 6 185 64 154 137 150 234 16 30 107 219 18 219 215 85 127 218 88 206 26
8 156 114 249 117 247 250 214 23 1 126 18 41 221 52 196 255 58 147 144 54 188 81 255 79 255 146 67 183 140 124 138
242 183 106 124 184 183 30 255 23 235 222 253 114 125 150 116 213 127 253 37 172 223 121 191 123 126 45 146 222 236 182 127
187 36 99 210 69 249 252 103 89 162 233 26 57 158 116 165 106 187 19 175 124 63 244 232 55 217 154 41 119 73 251 174
44 160 248 65 199 81 177 207 98 49 244 26 25 184 92 170 43 95 243 145 18 62 180 83 95 13 62 109 229 16 247 166
97 126 42 166 117 157 103 212 233 202 22 76 54 208 243 52 180 104 86 95 193 37 184 170 119 29 36 168 110 30 82 125
88 205 30 238 31 71 87 123 6 36 206 2 87 147 34 64 112 188 63 106 72 139 25 31 243 229 35 125 48 42 61 42
183 150 239 158 221 119 158 251 83 239 221 247 112 252 190 37 93 238 183 165 189 255 125 223 58 14 239 246 223 108 248 213
107 249 216 95 251 220 94 151 59 69 108 141 175 190 198 244 198 123 236 84 87 10 242 241 175 253 20 123 186 20 143 223
23 150 166 158 159 55 152 251 22 255 221 247 104 236 254 3 253 239 183 181 181 223 63 223 26 38 255 231 189 108 61 215
129 196 123 89 116 139 233 55 124 5 118 208 177 5 180 36 31 58 18 24 179 188 101 95 110 191 48 64 197 136 197 233
145 206 71 255 150 170 236 183 124 23 211 242 225 35 184 73 107 230 46 142 178 252 77 239 236 170 254 192 181 216 241 168
61 52 124 104 33 127 81 152 121 94 180 12 255 95 11 25 182 145 221 98 170 227 121 13 211 219 97 29 106 241 74 83
145 76 23 189 12 38 140 34 156 10 210 70 245 35 33 203 64 33 42 130 97 133 83 234 128 162 250 144 24 121 49 184
220 53 19 186 243 236 27 216 50 75 97 221 127 199 105 208 180 219 13 118 35 5 136 51 249 229 35 232 168 83 3 51
57 193 198 228 84 3 74 124 69 165 250 135 67 43 54 80 122 204 38 236 92 187 21 140 250 235 133 84 127 174 120 8
219 233 107 193 126 80 127 252 161 224 62 194 57 143 246 96 126 220 31 238 195 25 165 232 126 201 166 236 39 134 96 249
116 123 27 238 120 4 95 216 171 12 249 104 127 223 41 80 222 249 93 226 74 3 218 253 243 253 35 58 80 179 39 147
154 4 22 189 197 226 172 103 188 15 82 19 44 178 34 203 225 167 171 129 52 221 3 207 21 227 250 131 131 68 173 14
184 181 217 238 159 67 23 253 18 162 141 34 113 119 105 100 121 222 128 226 104 67 233 190 251 199 133 63 51 114 180 170
252 224 88 243 181 221 120 153 63 55 247 25 207 223 74 217 187 157 205 50 62 246 217 150 207 217 53 117 226 140 206 194
116 87 248 238 154 19 23 237 23 166 157 170 99 247 233 64 127 220 140 226 104 3 109 26 250 199 165 191 53 122 164 42
134 156 214 247 163 160 188 135 188 19 74 179 236 255 40 203 167 119 187 147 50 220 30 227 45 118 94 194 134 212 169 9
56 21 91 172 19 211 22 105 37 64 249 42 95 222 40 240 250 185 149 227 93 131 36 157 179 229 42 171 117 38 46 87
30 3 103 207 6 178 106 96 164 132 219 226 73 226 189 229 122 189 63 234 136 147 44 204 145 238 235 128 55 227 37 32
60 183 232 231 158 3 71 233 22 174 157 171 99 101 136 4 123 222 173 226 120 243 205 174 248 199 173 181 101 250 212 123
207 220 252 247 178 186 127 186 62 243 95 182 253 127 219 107 55 119 189 143 163 212 191 235 239 239 239 192 166 245 1 121
60 89 254 230 71 3 214 244 65 160 254 38 67 249 61 18 120 252 183 226 72 179 24 160 122 239 197 7 239 187 120 138
172 60 149 191 173 45 214 219 158 186 153 25 182 250 65 11 201 75 125 7 46 103 219 162 129 247 223 58 144 121 16 138
189 191 255 243 240 175 95 255 59 235 124 120 223 127 136 185 151 255 213 56 187 248 40 191 238 223 117 198 234 209 131 59
146 6 6 157 133 162 172 103 20 11 214 82 40 42 48 205 233 171 151 129 52 156 1 255 16 34 218 131 17 88 185 142
183 79 83 231 182 34 110 230 53 2 251 118 75 42 189 253 123 199 30 226 121 183 13 238 176 238 158 130 173 251 240 12
152 215 3 155 85 225 227 103 85 13 217 118 40 2 160 196 104 170 130 139 123 190 68 255 180 164 154 66 63 12 252 172
181 249 121 104 220 71 223 206 83 109 240 27 19 29 20 32 200 221 87 195 250 46 113 51 243 205 128 124 117 25 246 226
6 30 19 218 86 199 171 80 30 8 89 66 244 215 33 100 124 59 18 202 163 152 58 255 37 54 138 2 16 11 37 161
183 245 105 206 254 23 222 249 83 234 185 106 80 252 253 32 221 218 23 227 252 35 124 158 123 12 165 190 213 251 242 247
237 113 24 103 120 15 86 24 32 168 183 104 215 115 137 51 144 236 92 106 73 242 201 44 231 217 37 180 104 179 74 3
130 201 135 153 96 192 45 199 159 123 66 178 172 134 164 229 231 63 187 128 67 156 0 209 36 50 222 130 28 80 181 188
70 190 183 190 170 224 188 239 191 223 19 247 236 254 234 203 183 123 187 145 182 73 138 243 12 118 95 203 132 100 165 123
57 29 122 46 86 207 114 112 101 64 109 15 119 217 35 16 186 170 23 110 77 178 24 31 115 205 32 9 121 170 106 211
86 217 24 186 184 141 95 173 143 49 137 141 223 223 104 80 167 211 121 215 90 75 219 245 249 209 143 126 24 58 129 82
10 136 242 217 85 183 184 86 31 3 86 18 168 159 54 236 255 59 147 145 38 188 17 215 15 95 146 67 151 140 125 142
31 30 107 208 150 178 186 114 212 196 90 230 9 140 183 224 126 253 150 211 181 185 36 238 58 71 175 194 229 237 53 117
34 62 233 24 239 244 184 66 27 207 120 237 40 252 215 8 143 123 179 21 134 106 230 226 15 20 152 171 205 93 55 223
78 36 238 208 199 240 188 71 248 151 79 19 136 251 119 207 225 47 187 145 54 213 130 194 79 63 222 203 135 84 255 198
22 73 255 232 199 6 109 197 61 1 226 2 25 15 53 72 122 137 59 221 90 250 53 224 221 171 222 68 177 26 240 120
34 51 170 136 244 245 177 75 10 205 93 175 0 252 119 8 221 59 147 17 150 58 242 208 77 21 188 235 213 78 246 215
153 221 54 176 55 171 119 230 149 37 74 39 54 49 50 65 226 98 55 77 32 185 17 191 248 206 24 66 60 28 48 75
9 204 126 89 116 190 121 54 252 13 126 16 187 241 178 48 7 42 6 12 178 188 32 127 111 191 48 64 194 128 199 169
97 217 149 218 93 237 208 200 203 25 160 8 178 217 61 24 200 210 91 73 10 43 82 245 145 152 144 122 88 9 114 138
152 209 8 169 148 135 92 125 4 0 196 7 243 9 42 65 220 139 19 225 94 184 81 157 233 129 138 65 56 10 184 26
180 15 78 158 22 130 99 112 149 132 247 167 99 195 163 69 122 232 43 238 104 151 11 191 240 170 163 0 59 171 112 40
66 248 158 180 11 73 20 143 171 188 160 41 46 255 71 18 167 241 237 16 78 79 138 200 187 147 95 63 128 32 5 95
135 205 1 141 149 23 174 239 86 66 88 70 232 104 63 228 217 74 146 239 247 184 93 255 44 78 143 4 31 124 249 156
217 45 58 212 101 221 125 119 249 204 60 8 46 187 247 181 162 34 151 12 64 107 34 200 251 217 84 43 66 252 93 111
46 62 170 16 229 240 178 66 203 207 124 173 40 188 215 30 141 123 147 21 150 122 162 226 31 85 28 235 199 77 126 223
148 145 119 254 10 192 55 233 148 84 241 178 117 215 40 65 122 145 42 226 115 39 59 117 241 160 98 73 117 11 165 114
115 210 100 155 27 185 176 135 191 85 203 255 236 120 30 220 231 163 249 129 150 152 79 245 142 114 218 211 15 12 157 71
39 69 100 75 157 151 190 236 205 94 181 2 200 92 191 37 216 64 154 111 228 161 125 253 39 90 130 215 87 31 249 196
50 1 238 231 199 69 236 229 73 17 236 2 25 59 62 43 104 235 19 201 28 186 82 224 211 217 202 33 245 90 255 138
173 180 237 115 236 123 229 157 86 123 53 58 211 120 218 171 27 202 118 187 191 118 111 18 110 15 245 245 255 251 218 129
159 207 237 247 230 18 255 188 127 250 87 247 249 125 159 99 63 215 183 239 230 244 47 255 110 107 239 196 167 246 117 249
159 223 140 191 180 38 158 190 20 239 95 247 197 104 59 75 223 67 189 231 252 220 77 174 232 103 255 133 188 127 185 83
169 244 252 115 172 31 84 191 95 251 183 24 215 89 30 59 133 20 125 42 238 228 123 23 239 223 117 87 68 152 216 67
177 132 133 149 148 39 238 255 86 235 82 86 209 96 152 229 89 76 54 173 185 244 77 159 44 46 255 132 239 232 248 164
104 177 152 112 221 205 80 95 146 185 172 13 54 185 66 24 137 26 226 16 31 107 218 53 95 215 21 127 218 8 206 155
29 58 242 242 247 217 179 208 239 248 54 110 31 252 227 164 39 249 254 83 149 169 46 240 218 217 33 235 239 175 15 245
9 185 147 249 116 239 169 23 62 217 90 96 157 151 224 232 38 58 30 24 19 216 35 80 205 136 58 192 144 128 33 169
109 172 132 51 233 173 109 159 187 183 40 29 143 227 91 154 129 75 97 28 54 72 218 18 205 223 85 124 210 212 131 192
24 221 114 188 119 242 55 230 21 70 94 39 62 179 163 196 115 234 183 76 33 153 48 191 112 239 58 131 63 93 117 123
167 182 227 222 254 39 158 248 90 162 153 95 112 248 189 33 223 91 19 39 176 231 92 223 120 14 207 190 221 250 82 133
76 60 149 191 173 45 87 11 142 187 139 24 247 243 65 74 193 115 109 19 26 65 219 162 169 214 71 58 144 122 145 35
152 3 123 172 50 83 30 105 117 76 240 170 15 222 160 241 126 185 151 227 124 131 36 156 178 225 42 139 53 34 167 99
197 206 207 191 172 170 110 182 252 3 218 246 241 99 152 66 107 230 110 142 184 189 79 239 172 174 246 192 165 251 241 40
184 17 123 172 114 211 22 105 229 0 248 170 95 222 160 112 254 185 151 227 76 131 36 31 178 229 42 171 117 34 47 3
252 16 188 228 169 125 85 25 233 238 164 29 95 63 3 26 164 149 253 40 24 39 115 130 211 223 97 31 234 96 207 83
150 158 14 159 148 176 174 247 52 27 95 118 232 106 170 201 233 227 134 131 125 156 25 239 38 39 254 131 189 81 185 159
8 204 122 121 116 216 249 182 252 5 118 16 189 137 176 112 35 42 3 24 34 188 34 127 111 255 50 65 210 128 107 171
134 142 158 159 146 160 62 167 189 27 79 147 236 226 43 75 119 127 43 147 54 220 14 231 174 54 222 193 172 112 169 15
55 148 231 159 126 55 152 235 86 251 209 247 112 252 190 41 221 79 55 165 188 247 111 223 26 62 255 214 213 108 112 215
7 24 51 218 85 197 171 80 223 72 93 70 116 214 37 100 252 58 18 202 163 154 58 255 37 62 138 10 16 11 37 189
87 199 110 196 150 2 238 113 5 224 255 231 89 44 190 68 126 229 31 239 201 177 5 204 112 44 175 132 111 190 249 20
90 44 182 252 13 248 145 66 157 151 206 17 174 189 35 239 193 119 249 17 42 109 226 160 195 243 90 27 130 93 37 110
180 231 200 167 182 35 71 252 18 166 223 235 67 101 138 0 95 222 229 226 56 242 205 47 248 231 165 213 101 251 148 49
123 225 107 192 87 214 239 245 33 96 222 142 121 15 60 33 126 156 19 239 201 147 52 237 119 73 142 104 39 150 242 120
249 233 99 226 85 20 111 244 85 128 226 2 25 139 116 241 120 220 19 234 233 51 176 238 119 233 134 44 43 158 112 170
14 4 150 189 207 176 180 79 219 147 109 19 12 232 111 207 233 63 163 145 54 235 146 192 15 119 222 11 151 124 253 134
95 12 244 247 182 50 126 184 63 226 87 227 253 127 217 106 55 247 61 239 165 208 143 254 238 239 255 132 175 247 25 49
252 228 220 241 165 255 112 154 191 183 231 25 207 219 74 219 187 221 205 50 46 246 219 148 207 219 117 117 226 137 206 130
103 132 224 87 235 56 188 233 27 115 21 155 76 124 94 58 183 221 179 135 212 86 174 211 87 59 219 175 87 231 159 214
116 5 28 238 28 199 83 120 5 44 173 10 119 83 40 112 120 150 95 106 120 131 121 61 241 175 160 89 48 11 36 34
124 249 17 238 121 77 95 232 43 0 233 8 255 215 9 84 214 217 93 106 75 3 218 189 241 252 7 62 18 179 34 56
88 237 17 240 157 205 95 247 7 176 136 9 191 255 64 80 165 251 93 206 90 75 218 191 249 221 143 124 48 56 129 122
151 207 207 183 182 34 110 244 125 130 251 246 123 106 189 121 127 199 46 234 249 183 77 238 184 238 238 132 173 251 248 13
184 100 98 225 85 147 106 92 69 164 246 135 75 137 62 193 120 140 15 254 104 183 53 142 114 237 129 69 111 143 120 138
188 253 57 233 221 207 199 198 84 110 240 10 19 29 17 0 201 255 87 201 106 190 113 183 245 205 165 112 113 57 86 234
9 192 123 89 116 157 233 150 254 1 118 16 188 147 180 100 62 56 18 28 163 188 48 119 71 63 50 64 214 136 193 169
29 255 247 241 242 174 92 255 61 155 126 100 191 127 160 57 167 223 213 48 251 218 33 189 250 219 119 198 226 208 163 57
14 175 246 145 151 178 188 231 255 55 10 19 140 170 118 207 227 95 187 145 54 217 131 240 43 87 222 103 135 68 175 142
141 223 67 155 149 241 231 244 213 71 93 246 233 71 186 228 121 170 130 206 247 180 110 247 38 116 130 64 63 223 244 244
60 69 101 233 23 103 79 186 5 64 222 2 211 119 57 100 120 216 31 234 11 131 113 157 241 237 139 84 55 249 116 114
194 43 242 156 75 148 52 103 239 140 112 7 44 138 103 208 166 171 239 129 70 43 130 203 55 80 22 11 82 68 175 15
244 215 253 78 154 67 23 232 19 166 189 170 99 119 169 116 127 214 132 226 104 67 109 62 250 134 165 183 53 251 164 107
188 212 250 238 87 150 211 244 213 132 254 6 99 217 127 64 120 236 166 106 200 167 186 170 123 237 165 24 119 186 112 203
101 200 197 75 44 39 207 152 86 250 145 206 209 108 221 234 93 204 62 239 141 118 237 50 6 46 233 244 157 251 80 241
35 161 88 73 215 151 176 107 95 129 116 6 40 24 182 164 255 10 2 189 246 186 68 221 46 30 23 111 221 12 235 140
60 129 171 236 221 69 215 73 197 9 188 2 66 217 56 0 248 130 87 241 88 35 48 138 251 253 134 95 115 10 244 226
99 242 232 15 107 124 189 143 27 95 125 189 172 252 222 58 159 91 183 5 134 114 254 195 70 125 28 175 199 86 143 223
109 113 24 103 32 15 71 56 97 168 183 108 215 65 201 16 146 196 76 106 73 240 217 44 230 221 37 52 104 179 74 1
185 249 248 107 219 221 90 238 123 69 100 13 63 30 90 48 166 219 209 84 222 40 243 181 255 221 20 121 123 20 206 218
152 152 19 249 147 199 43 55 55 11 70 80 255 23 32 100 117 59 61 152 123 156 49 191 201 254 58 192 178 128 165 57
165 141 200 139 214 33 239 199 84 3 72 146 16 34 48 96 121 74 2 220 48 154 92 98 124 36 190 72 181 91 176 136
170 249 89 250 123 221 26 252 139 85 100 137 175 215 98 212 198 27 151 84 71 10 250 181 175 209 0 123 18 140 15 251
15 194 229 247 38 18 254 185 95 250 87 227 253 109 223 227 63 221 55 239 231 244 239 253 110 255 239 132 39 182 113 249
195 147 166 157 223 184 184 175 155 81 218 247 236 236 158 199 239 23 251 133 150 233 151 213 142 50 218 215 15 12 153 87
214 204 158 214 166 96 126 166 184 18 2 18 244 115 37 75 163 211 61 130 96 77 24 235 251 167 254 5 164 113 161 10
120 53 120 248 141 244 85 95 203 223 188 26 63 223 70 186 137 179 221 16 30 111 250 145 219 217 21 123 115 77 206 115
61 229 99 228 182 29 239 221 97 64 252 142 27 77 222 164 62 200 84 127 203 167 181 131 242 205 5 44 111 158 250 240
248 52 248 112 157 253 85 23 243 127 188 24 59 253 75 59 129 178 221 128 42 103 250 179 211 207 177 57 163 212 206 115
133 244 45 241 160 110 33 63 120 219 19 244 212 22 200 123 151 29 28 49 243 212 245 6 141 146 255 196 140 64 151 241
148 48 255 177 102 235 177 65 206 49 87 58 140 189 225 42 35 61 238 17 50 245 140 208 220 131 123 231 229 40 7 163
62 231 117 78 186 67 7 236 23 174 249 170 67 103 173 117 127 222 172 226 120 211 109 191 58 230 229 181 55 251 164 101
21 206 207 167 180 34 111 248 125 202 255 230 115 106 189 106 123 198 62 238 233 179 109 238 184 190 239 132 173 251 112 4
120 253 17 224 93 77 70 254 35 168 168 8 63 51 64 144 201 219 93 202 75 11 217 191 251 221 149 120 58 24 66 42
184 68 99 224 93 195 98 112 213 166 246 3 67 217 53 209 120 172 135 234 108 183 16 142 115 233 129 5 103 159 124 202
176 3 123 172 82 3 94 125 20 4 240 234 23 14 168 113 126 185 135 227 252 155 36 14 241 225 170 137 53 162 166 161
8 204 90 122 112 169 122 242 253 5 120 17 45 155 36 80 163 59 6 8 34 188 18 255 79 255 50 75 210 129 99 139
7 134 206 158 182 50 188 171 158 147 83 215 236 238 190 203 247 111 191 181 55 201 15 223 138 39 255 141 156 96 185 1
165 64 109 67 236 15 207 184 86 254 181 74 211 65 217 41 89 204 22 122 233 118 109 30 111 139 229 244 245 187 84 224
111 243 224 40 251 29 158 156 139 93 184 173 143 252 222 50 142 83 245 85 158 98 234 160 58 89 45 255 215 31 151 215
48 29 58 241 52 203 117 103 12 164 126 32 183 157 35 0 72 58 207 16 72 185 64 30 231 213 190 17 112 72 21 170
44 206 122 222 94 133 211 240 213 140 253 11 114 205 54 0 94 248 130 110 224 167 138 175 115 173 37 25 119 186 116 163
44 29 122 238 181 239 211 88 199 0 253 40 242 249 33 32 216 184 151 24 26 35 122 189 227 253 129 123 210 43 84 34
94 57 186 252 173 248 16 67 143 149 206 33 174 191 103 206 192 179 237 17 30 75 226 224 219 247 90 27 130 77 165 110
108 189 145 182 189 173 86 27 190 187 171 88 223 243 64 154 129 123 108 19 26 73 219 34 169 215 37 56 128 106 129 35
175 132 197 158 223 39 143 248 94 182 93 22 104 232 61 141 123 75 2 191 177 231 62 223 57 14 207 44 255 127 89 164
143 159 35 155 151 245 174 253 220 91 95 246 233 102 191 229 125 250 146 230 247 148 46 255 47 103 254 130 159 255 252 245
116 77 61 237 28 231 87 250 70 60 172 8 87 23 0 115 72 212 108 106 8 3 113 61 243 163 97 125 48 57 68 98
53 133 110 206 212 134 207 113 193 200 253 2 81 217 60 112 88 168 22 234 216 179 116 204 115 169 134 64 65 138 242 160
25 219 223 245 224 143 124 247 47 57 118 96 63 63 128 51 166 255 119 12 217 216 3 221 250 255 117 194 234 144 163 185
35 162 167 157 190 51 136 75 31 241 211 247 72 252 188 201 223 77 187 181 190 210 79 221 28 58 219 214 149 108 56 213
4 33 249 171 242 73 159 205 10 237 89 171 149 253 88 32 30 91 23 85 146 40 232 50 237 140 47 252 245 91 151 243
193 142 207 189 188 168 110 191 254 3 154 214 245 226 185 66 115 230 110 140 179 141 207 223 172 191 191 212 156 248 241 40
252 32 158 241 173 255 112 146 183 191 246 25 223 219 67 27 169 189 237 16 46 212 211 0 207 219 117 85 224 249 78 130
184 241 57 225 93 205 95 255 51 105 244 9 63 31 24 16 184 219 85 124 106 63 49 63 255 205 180 117 97 8 198 250
216 220 58 254 56 197 91 246 158 93 212 45 191 223 34 97 198 123 157 65 239 15 58 189 243 225 42 251 24 24 45 91
4 141 28 249 180 237 57 83 30 59 93 16 149 183 96 72 215 59 55 24 50 152 11 23 205 223 59 228 144 200 129 163
8 192 122 89 116 217 233 150 254 1 118 16 185 195 176 120 58 40 2 24 34 188 48 119 71 239 50 65 83 128 205 170
180 239 108 237 146 11 79 254 23 166 222 239 67 101 147 4 127 204 101 238 104 210 109 62 250 230 229 149 167 249 180 97
210 94 74 136 2 4 142 117 36 6 214 199 33 15 182 65 110 137 31 207 232 159 85 207 240 160 170 144 61 146 185 24
26 233 182 144 159 144 184 199 175 149 132 3 172 138 118 134 235 91 251 209 22 73 146 225 155 85 158 111 135 4 191 142
220 48 191 228 11 111 85 89 177 238 167 29 95 63 9 123 180 149 253 32 56 39 49 130 211 219 65 23 226 96 230 83
87 134 197 229 54 2 106 184 63 170 154 230 255 107 157 68 127 197 61 173 141 208 205 207 174 254 175 132 173 162 121 1
77 226 229 229 44 22 232 57 103 248 215 226 217 111 221 226 126 213 63 239 201 240 207 221 78 235 235 132 47 166 112 1
10 171 18 188 67 148 180 71 191 13 120 69 172 138 102 212 230 43 163 133 70 26 130 211 4 116 30 139 90 4 171 207
184 241 57 97 85 207 121 253 55 125 228 25 31 157 90 48 184 153 83 217 90 59 49 21 251 201 20 117 115 0 198 250
6 183 224 165 246 44 186 219 27 121 25 247 156 254 220 10 191 91 151 149 150 112 140 193 12 92 47 174 197 119 147 215
229 103 88 103 116 11 103 184 112 164 119 76 211 67 153 17 26 204 68 110 232 244 253 14 230 233 37 20 108 187 66 160
134 51 240 155 238 41 188 205 26 121 17 251 140 252 220 139 143 91 247 87 146 64 206 240 12 24 127 254 156 93 147 215
120 52 248 120 189 253 85 151 243 95 180 56 59 253 70 59 133 243 221 16 58 107 178 177 251 223 117 123 243 213 206 123
184 69 106 237 87 19 254 120 85 132 246 3 107 201 55 193 120 236 151 234 236 183 20 206 115 233 163 129 119 190 124 138
169 169 96 89 149 151 160 103 86 33 244 18 169 8 54 32 72 170 2 157 254 186 117 159 110 79 146 65 95 12 216 140
46 177 232 231 247 125 191 223 26 111 93 143 89 252 95 168 191 95 147 151 150 50 188 211 87 77 175 173 215 119 223 215
184 237 120 248 91 221 127 238 159 116 60 11 63 159 98 177 174 187 147 64 102 29 50 191 127 201 16 121 50 156 15 218
7 76 103 141 70 214 239 240 252 194 94 194 88 222 189 228 126 237 51 239 197 149 60 206 53 46 203 132 47 255 113 244
96 75 154 237 36 202 117 55 172 46 226 33 151 179 33 90 192 53 109 0 72 157 193 2 199 231 114 21 48 184 196 11
11 128 166 237 53 158 121 49 237 73 87 16 221 87 186 238 38 36 61 29 148 153 53 197 195 255 218 193 134 134 177 101
23 41 227 129 150 242 174 194 178 229 218 231 9 174 245 174 111 237 151 215 157 209 164 232 56 68 175 132 173 117 181 244
139 63 23 159 51 212 169 71 252 73 66 116 172 146 38 229 228 43 154 145 231 217 50 239 45 52 158 130 8 4 173 221
3 203 223 236 112 138 125 119 43 185 114 100 63 43 128 48 166 191 119 76 209 218 3 253 254 250 118 192 76 128 163 41
99 128 237 94 13 84 93 47 233 219 134 16 56 60 28 123 200 163 121 137 217 75 243 201 83 58 214 155 134 68 244 110
162 250 161 17 110 137 184 90 26 250 16 253 140 156 215 136 143 25 215 21 199 110 206 211 12 20 63 254 93 12 23 223
65 143 151 252 188 170 108 63 126 155 218 84 189 163 176 113 231 39 127 12 177 201 129 221 236 190 254 216 156 192 161 41
7 189 249 193 246 235 187 207 11 113 28 170 157 61 213 32 47 91 87 157 147 24 36 210 126 13 175 230 165 252 135 241
24 30 90 250 49 224 91 114 189 15 125 53 126 235 47 193 243 59 134 0 50 189 0 255 194 255 34 195 218 129 109 131
251 95 106 172 86 150 78 113 129 204 222 199 105 170 183 196 110 229 151 239 237 139 52 238 50 109 174 128 47 190 248 92
216 92 63 254 43 228 90 242 157 74 192 29 191 223 33 241 196 177 253 66 107 7 50 191 211 243 42 154 18 1 37 123
130 91 30 182 35 141 52 103 189 143 82 55 172 154 34 201 166 51 175 1 100 221 18 204 176 243 94 3 8 16 169 15
127 2 193 229 52 2 107 24 119 232 243 230 219 75 221 244 125 205 61 189 141 247 237 219 158 255 171 132 47 170 112 0
184 89 108 94 77 149 199 117 197 12 244 10 114 221 183 37 72 186 6 74 200 170 122 189 115 153 192 26 127 154 116 189
139 92 87 147 115 210 185 102 188 134 86 162 172 150 163 229 102 59 155 129 101 157 36 238 36 38 186 131 7 20 45 253
135 187 233 161 246 135 190 215 30 121 16 231 156 172 212 0 191 95 23 213 147 88 140 246 60 12 175 228 141 57 147 177
15 148 135 158 93 55 136 249 94 255 85 86 72 236 127 175 121 108 178 189 183 245 59 221 9 79 239 228 159 110 125 244
15 185 235 161 246 199 175 215 26 117 92 166 29 191 241 40 63 95 19 221 147 216 188 226 109 13 175 228 173 249 183 240
188 48 222 243 172 237 112 25 55 191 247 57 223 251 75 27 169 156 237 16 62 246 203 0 207 219 113 125 224 201 78 67
7 184 185 209 215 63 185 219 26 115 84 150 157 175 81 46 47 89 19 157 147 212 180 210 15 94 223 228 141 249 155 240
75 146 142 189 30 82 184 121 30 245 87 135 221 238 58 72 247 77 187 181 149 219 159 221 72 39 255 197 156 34 57 81
8 192 124 91 71 221 233 148 126 25 117 2 185 203 188 232 106 40 134 88 194 188 63 245 71 201 50 65 115 154 233 170
135 142 167 191 180 183 174 233 214 91 91 211 225 236 189 225 253 114 51 167 254 196 46 191 46 255 223 132 144 127 249 132
13 17 183 169 164 180 169 81 236 73 95 48 221 214 187 236 230 41 63 29 151 129 35 208 192 121 42 192 150 7 161 97
0 149 57 241 180 237 185 83 30 61 92 50 156 183 96 8 231 27 23 16 50 216 34 215 205 151 58 224 144 200 133 227
0 15 102 69 180 138 111 178 117 164 94 229 131 33 147 68 102 230 111 236 232 248 101 46 174 230 165 128 102 253 84 105
207 104 171 240 197 228 237 199 186 242 86 26 24 191 117 175 173 255 51 157 33 126 178 194 93 123 223 40 199 116 51 234
41 205 97 79 52 221 195 158 87 73 248 66 179 24 181 228 88 202 22 88 143 170 117 191 39 60 160 24 87 155 80 236
252 52 179 228 137 110 80 87 185 235 162 24 31 191 64 251 181 149 253 32 57 103 144 130 211 251 81 62 226 96 167 51
14 57 234 224 245 247 191 215 26 229 92 167 25 173 247 0 127 127 147 221 146 186 188 226 127 77 175 165 199 247 255 243
14 187 224 225 242 139 190 215 11 185 24 227 13 189 214 2 46 91 151 213 146 88 132 208 126 93 175 230 167 156 139 209
15 182 177 137 126 177 185 218 142 125 28 231 140 221 210 38 143 25 223 21 135 12 103 211 14 84 191 254 158 140 25 253
165 105 237 69 228 79 239 176 64 226 183 74 211 65 213 39 24 228 118 106 201 240 125 40 101 138 229 52 101 251 82 224
33 111 73 165 172 11 239 117 68 232 152 238 179 8 209 34 88 110 94 111 205 176 229 40 36 24 173 176 77 250 80 237
34 187 41 59 189 255 145 83 87 253 125 37 162 140 214 132 200 42 135 21 158 248 96 149 13 81 50 227 219 12 223 223
13 16 182 201 45 240 184 25 206 72 93 32 189 219 185 238 198 57 191 153 146 161 51 209 195 217 42 139 150 151 41 165
3 254 107 161 118 135 175 246 30 224 88 199 157 157 244 32 46 121 19 221 195 156 52 252 124 13 143 228 13 152 179 248
138 251 120 225 246 139 188 247 14 168 24 235 61 157 180 1 46 59 151 229 210 152 4 221 126 65 175 230 63 140 153 217
236 50 220 243 168 105 112 25 55 191 247 61 215 247 75 27 159 157 237 18 26 84 203 0 206 211 113 181 232 235 206 211
125 74 104 169 36 22 75 152 6 100 214 228 209 7 155 120 92 204 29 254 143 22 237 28 230 237 171 212 62 183 120 112
31 253 107 241 214 199 171 246 22 224 92 130 157 159 115 32 47 121 19 221 211 184 52 254 237 205 143 100 47 153 181 248
8 150 23 60 123 180 56 123 189 90 241 245 236 247 162 213 135 51 206 36 180 143 2 221 130 243 114 202 82 132 39 87
29 237 110 225 54 151 234 240 68 224 30 199 25 9 183 32 62 197 23 255 229 185 13 222 126 13 175 196 111 162 120 208
31 162 142 173 29 23 184 89 150 249 215 87 93 239 122 74 117 13 187 189 150 211 139 209 221 99 171 229 190 46 57 82
3 188 185 129 90 175 187 82 14 225 24 199 148 142 80 36 167 57 91 21 135 28 116 210 141 20 27 246 156 138 1 221
8 200 117 123 37 249 248 152 111 17 116 34 233 91 189 236 98 8 162 74 130 180 123 241 70 217 18 1 119 159 105 138
170 147 45 153 126 219 181 119 31 109 87 255 188 28 166 32 206 51 151 5 247 188 97 159 110 87 188 210 28 12 148 223
30 233 171 243 213 215 255 198 18 197 92 3 57 189 115 32 110 123 147 217 210 186 184 234 111 77 159 97 167 191 247 234
3 157 125 233 254 203 189 119 29 232 88 171 188 28 132 32 135 51 151 33 243 24 101 223 108 87 61 230 52 140 149 249
131 184 171 209 84 197 169 87 190 243 16 86 148 142 113 42 173 45 83 157 135 221 176 226 13 28 159 100 141 0 51 252
141 105 42 71 164 31 239 53 68 224 22 14 243 0 211 33 28 108 90 111 201 176 117 168 228 201 165 16 78 186 216 232
121 96 200 229 52 2 75 24 87 160 255 162 219 203 223 112 90 140 60 174 204 182 205 154 134 253 161 180 39 170 112 32
179 133 105 206 124 87 198 253 71 97 252 74 115 120 190 36 88 130 22 105 255 43 125 159 51 60 128 126 117 138 240 204
41 213 97 73 53 223 194 254 87 105 124 98 147 24 188 228 89 10 22 121 235 184 117 159 47 221 176 116 87 156 208 237
58 15 192 199 214 2 202 55 17 165 218 231 97 47 144 132 126 246 135 173 184 152 69 175 108 46 173 144 175 174 212 152
75 30 60 181 45 191 152 34 142 254 155 189 174 60 2 137 133 53 253 5 172 108 99 157 133 215 123 186 24 108 25 91
61 72 101 97 53 159 194 148 71 224 38 10 219 25 181 236 24 36 120 126 141 180 125 188 239 223 133 52 255 191 88 12
29 173 127 225 149 247 107 195 84 65 238 2 17 151 51 96 121 250 19 220 26 184 49 190 235 205 135 68 179 137 224 226
0 148 56 249 176 239 121 55 62 61 94 48 148 183 96 104 215 26 31 24 50 152 99 215 205 159 50 196 144 136 133 35
149 213 111 233 150 150 111 188 116 113 110 134 81 23 58 96 118 200 58 238 255 152 61 127 239 233 135 68 61 147 225 112
159 73 39 157 93 214 175 96 237 204 214 2 200 222 183 228 248 109 251 239 229 147 182 206 49 60 143 130 7 63 117 228
53 200 100 105 61 63 202 168 71 48 162 10 67 40 52 229 217 196 120 110 28 34 93 188 139 222 65 116 247 175 80 4
40 83 106 236 125 147 246 125 149 132 252 167 97 233 55 64 216 168 135 227 76 179 2 223 118 255 162 9 119 190 124 130
15 158 112 201 58 161 171 154 14 113 24 231 157 78 252 224 103 27 191 157 147 8 7 215 12 13 171 236 188 132 9 113
101 95 204 37 36 14 110 176 48 234 186 237 211 33 147 83 30 228 125 110 237 208 221 12 228 171 229 148 44 251 90 17
181 105 227 69 164 15 199 176 84 162 182 74 243 49 213 39 24 228 124 106 233 244 229 42 109 136 229 16 101 249 80 40
